18584 25762 29483 27701 32095 35650 27695 29946 25161 23937 
24600 40485 37095 34805 35368 38685 36067 29428 27908 23922 
17006 24101 21336 20388 20174 16412 18808 16304 17773 10448 
18461 22184 25525 19326 22800 25514 20143 22317 23463 19841 
26798 35364 37204 32115 33462 38165 33739 32753 34030 27923 
16794 24163 24240 24361 23209 29222 20884 30889 20911 19219 
18272 32570 25408 32131 27045 32664 29531 33236 22518 23859 
26506 36690 37936 35885 36549 43409 38714 37725 30888 26523 
19410 22430 25543 20874 24781 23367 20688 20726 21764 15372 
22882 34127 32150 27978 27034 32164 26691 28414 28549 24802 
