26080 39653 29636 27107 22917 24827 34576 29796 18060 27642 
31785 39150 28449 23360 25996 22129 34747 30054 19341 28088 
16377 24905 15886 14956 12905 13378 19541 17695 11937 16332 
20390 29341 22659 20357 21419 11807 27833 19001 13786 22623 
27648 39134 34388 27076 28648 26426 32792 32175 22126 26631 
28352 36962 27921 22537 26058 20958 28601 27196 15499 24618 
26704 34018 22452 14512 23593 17364 24154 21855 16094 27183 
20385 26176 19728 20105 24179 12142 19973 21784 13678 17537 
30295 41701 32527 27754 29145 26177 31174 34230 17780 26853 
19458 34459 24680 23558 22747 16226 25367 22671 15694 21849 
