27612 44993 30354 37624 25701 33974 36712 35151 35755 34581 
20287 32256 23411 30102 18410 26759 28484 31711 25900 23898 
25278 38709 27252 35984 23086 27040 32983 32755 30406 29738 
20561 27684 21701 25429 13714 18961 27730 24823 19174 17993 
28879 35613 30509 37119 20588 26976 34392 33666 32763 28775 
19280 26763 22542 29209 19778 25200 25589 29493 23456 23549 
28386 42378 29987 38815 25878 34165 35003 34448 35225 32085 
26080 39884 26390 37814 23420 29284 33350 31730 33462 28392 
33979 30319 32050 34805 18497 23052 39142 25812 23752 25369 
30602 35199 30016 33958 22305 25148 38079 25637 24215 32252 
