47342 70386 53437 60818 54106 66980 54395 58044 61023 53680 59640 52346 62915 75197 41903 48784 63577 45963 64698 50328 
33695 45233 36866 42556 39958 48431 43249 46912 39237 52203 42153 37669 45740 51467 41662 44542 43904 37103 42426 44397 
33402 50599 35912 39267 35447 50425 43545 48510 39668 43982 43189 42563 46919 55403 29193 35246 46301 35028 41220 44403 
41632 54358 49633 47068 42482 57027 53382 56568 48543 51770 47381 48632 56158 66393 39006 44472 53096 46390 47128 52628 
41633 55657 45427 53307 48649 58458 50854 55707 48054 50093 56517 46741 54946 64284 48448 48774 58386 48712 58354 51917 
45116 61724 55390 57916 47599 70622 56674 55133 53259 53967 55875 53648 66740 65912 46553 51489 54452 52916 65704 51350 
45316 53763 49360 54773 41273 61348 49586 51757 51510 54973 52300 45735 57524 63786 41539 43119 44100 49423 51236 55294 
45365 62353 50347 60487 50534 62722 56481 55438 47376 52692 53024 47652 61045 60101 44310 44857 57183 50852 52339 52908 
42298 51494 49478 45112 45173 57707 42706 57405 48811 56269 48227 45208 67193 65075 42063 42518 47284 39999 54690 46368 
41917 53589 51617 55087 44448 70511 53695 49172 52153 45631 58415 47629 61098 65125 41115 49167 52662 50244 63596 45943 
31416 50082 39181 49441 41297 45337 47915 47173 40935 41601 41617 40835 50058 52092 39258 35398 51631 39894 44290 41566 
36352 55787 48534 51803 46816 56874 52749 53943 46668 45413 48699 50436 64136 58943 39067 46210 53775 40070 57002 42526 
43183 62447 48850 63112 50844 62725 55671 54706 57852 46533 67058 51536 63709 70664 45954 44619 60964 53181 67879 49941 
41419 60082 44844 57093 48301 54879 48425 50237 47324 45868 52234 38131 55616 63542 45638 47589 54227 46203 55826 45997 
39769 62124 45873 55446 50415 58599 49799 60080 50207 52986 58261 45125 64890 66222 44026 42670 58746 45097 55560 48907 
41900 63268 51700 55554 45911 61247 50990 54415 53396 54746 55502 52909 50836 63639 39291 45172 58006 45722 55356 49218 
47440 65754 54186 57433 58180 70229 56853 68742 60208 65702 63007 53089 70047 71447 51336 55773 62778 51692 64599 55251 
35879 45930 44636 38528 41987 54888 38146 48620 44644 44379 55062 36047 52752 56298 36758 40911 45749 44785 52351 36189 
33990 43531 44837 39814 35696 52396 45481 42450 41037 42885 36459 39491 50202 54859 31213 41956 40825 36176 46223 39684 
42127 52011 49218 52226 42337 51436 55033 55959 51166 50587 44622 46179 56997 68403 43058 44789 51232 44828 50838 56155 
