27930 20224 18952 19007 18572 16980 32612 20076 20692 18029 
27944 21923 18796 13167 20539 22898 23221 19842 25953 29880 
19094 14948 15893 14743 12127 14883 23001 13966 15270 12845 
28460 26780 23560 20411 20430 27397 34318 24370 30131 23369 
26249 22315 17151 14698 16941 17470 26674 20701 25785 20585 
24277 21901 20457 16109 18704 19781 27841 19437 16613 18183 
29138 23899 21446 17655 20807 23811 30781 23961 24756 22334 
30173 25824 21594 18276 19236 28227 30663 22700 28326 29144 
25619 20502 21227 22422 20091 19413 32378 20390 22291 19317 
34577 30322 27084 21529 27093 31963 35348 25964 28591 34693 
