30794 36838 31109 23672 23728 20264 16825 25292 18803 18006 
24835 29060 23254 30055 24335 24881 17743 27703 24255 16870 
25142 26969 17156 22182 22136 20732 15025 20758 18215 15076 
27124 28538 20978 30526 19561 20160 19073 19873 25749 17279 
29026 38090 29498 35142 29444 25948 22226 27373 27165 19151 
35726 41605 31945 33003 27905 25934 19798 30314 24743 20567 
32160 39654 25399 37384 31717 32400 27683 29456 32635 20654 
26491 34006 23767 30825 23138 22556 19981 26677 22657 13734 
23330 32233 25330 20948 22003 16724 16144 17047 16612 14505 
29877 31599 25473 31826 24341 25477 17862 31476 23568 16141 
