53408 44277 51897 42873 63334 56544 38459 49212 55409 40065 53530 50766 43503 32193 45788 48302 56553 49846 51762 52377 
66041 45696 59399 39692 70626 67792 52454 61339 66165 57421 52241 52976 58883 40444 56372 47426 56228 44817 59310 54122 
63129 47739 57504 45518 65264 57410 47104 51595 59643 52122 58791 43821 55479 37280 55209 48226 59386 48090 58349 49909 
55082 44683 52290 36567 61157 53458 45728 53553 60175 43848 46206 49297 51019 37128 50873 44586 53643 42859 53690 48895 
57071 45593 53493 42516 52012 50795 47184 51694 52926 45202 46792 43590 48811 40676 49558 44449 52335 47311 49175 45920 
56985 49217 62503 47607 65564 58416 55332 61183 60509 47076 57075 50667 56015 45180 56619 48906 62972 54217 64087 56463 
57565 49414 58964 39987 55186 53151 52452 60317 60084 44824 51135 52535 52135 37843 55111 45211 63456 60620 58158 45960 
65714 45397 61147 45410 64157 60303 52474 61254 61059 59749 55781 60367 60258 45672 66936 45184 56240 54676 60092 55465 
65058 48742 59765 46604 73796 63427 50365 60666 64281 53367 58238 55545 65649 42395 59278 49219 63339 50381 62386 53355 
55949 41312 53675 40649 55502 49561 46277 57796 51390 48044 45535 49502 48732 40516 46668 44534 53758 48838 55858 47623 
57527 48521 47691 42171 59889 52687 44889 48040 63358 42916 48925 48232 49556 32026 42392 47347 50121 41513 48830 45295 
59125 40261 57667 35638 59166 56851 48966 53888 60573 56423 49779 48798 45520 28162 54741 42762 50954 48290 53819 45201 
56243 43539 55203 46891 57465 53747 47315 55381 49866 45428 50821 46709 51814 44669 55052 44757 56547 58198 59556 46925 
49052 38504 49387 37557 47502 52598 43956 44471 52796 41016 45394 42502 41340 36765 46842 40151 46729 47277 54459 42628 
53476 36863 61331 41262 55424 56307 43452 48316 48938 48729 48032 44996 50506 35757 55126 48382 59217 46466 52123 48887 
63526 47809 54094 44941 66733 60634 46827 62763 61468 49732 54109 56581 56305 43846 56143 49736 60145 59340 63341 51728 
51714 44273 48950 44575 51069 47979 41094 40405 55389 37733 52708 39808 44334 32080 44333 42673 48785 41046 44471 43910 
65325 47157 64329 48599 59425 64025 55610 55782 63041 54216 58122 50967 54612 42819 62646 47239 57223 59983 63314 54228 
69501 51615 63932 44559 74634 75983 52955 65401 71038 57446 62937 64795 63711 44905 61002 57063 69582 57440 69365 60738 
68008 54634 68417 52312 63174 61095 61058 61234 67756 52500 58860 55386 53969 43542 63211 54209 65660 61369 59783 58762 
