16184 27092 20141 25274 20416 26642 20944 18566 23291 19872 
21088 30977 25874 31827 23044 33447 21946 24011 30504 26069 
16241 19514 18404 27454 17289 23613 18010 22012 24124 23866 
17451 29306 20732 26677 26833 25427 19958 24300 26104 27168 
20154 33432 28794 29369 27646 34036 18628 29306 30828 33897 
23023 31408 24855 31913 28540 31472 21701 28912 29869 30646 
17370 27541 19537 23398 23362 32608 26617 22276 26273 26829 
18282 28016 19788 26826 21469 29397 22594 22804 22601 24461 
14440 18784 13929 23465 16378 25386 21495 19914 22668 20537 
19852 26339 22439 33081 25401 33529 27573 30090 33741 32550 
