27510 30342 24507 14448 15093 24958 27643 26875 31202 31238 
19774 22490 24131 13265 12381 22307 28067 20924 26573 20547 
27583 36999 27109 22031 16661 31020 34209 29051 36505 29300 
24651 20756 24567 12423 10290 17822 21576 19977 22066 23301 
27336 24652 24548 12940 14360 22777 27110 19757 29305 26375 
18278 15609 26842 11142 10716 18595 23249 16440 21593 16170 
19752 21429 24097 14498 8506 21175 18633 19637 23800 17848 
19723 23925 25631 15651 11084 21270 24348 17491 24837 22308 
21630 24096 20274 12422 11522 21716 24571 15936 25420 18798 
27456 31023 32115 18093 18887 29684 35810 26903 34248 26063 
