28774 24865 27349 37015 20636 28214 19506 22611 31679 28768 
23240 22371 22173 35711 22364 23431 15301 19690 29538 30289 
23046 21341 24474 31482 27990 18138 17734 21720 29026 28304 
26841 21269 26522 38395 26972 32117 24353 27070 33858 32997 
18410 13620 19118 28689 18593 22627 17272 21358 23868 26312 
26473 24967 27074 39980 27644 28993 21468 27940 35551 29266 
19332 16239 23643 34049 24195 23508 15465 26647 28503 30645 
23240 16094 25597 33688 26036 29772 25869 28455 29994 29249 
24467 19127 27300 38964 25274 31236 23722 28179 31132 35464 
25749 20302 27990 34318 28621 26097 23990 27881 32809 24970 
