41099 52028 35612 44538 40700 42999 50063 56265 52097 51602 58927 37903 59944 47882 50180 38133 25501 58662 55190 46067 
56711 64841 40261 53657 64372 58740 63600 74256 58864 59457 66705 57690 78369 65726 62778 56347 43746 76345 72852 52455 
42560 54682 42351 48733 45425 44043 51061 63760 45596 43942 56394 43032 57412 55864 55243 45039 36009 61602 59201 38171 
41263 41337 29651 41352 46288 38172 49236 55646 41244 43803 45392 41028 53744 48685 43443 45208 29482 57322 51205 39001 
41008 58967 31852 46669 54199 48559 50906 65352 41206 44459 53286 41808 59934 54895 59417 43952 33317 63661 57274 36480 
64191 64596 46962 61252 65723 62949 63541 79965 61994 66030 68716 52607 80228 68564 64976 58898 45259 82127 67399 57616 
44101 52928 32553 45260 45755 43007 41930 55920 40083 43196 47593 36455 55838 48942 48599 37716 37192 61440 59211 37275 
38215 43548 28073 40737 42670 33872 40234 50305 32513 38753 36577 37401 47966 42967 39203 36061 26821 50545 46203 31621 
51462 58116 39971 53327 59674 51476 59218 70250 52894 59154 58838 46785 63278 56240 58861 53594 38754 69523 58183 47966 
39871 50434 34003 50899 50990 45577 54941 62910 47018 48107 54298 49198 58304 47956 56799 43548 38333 57841 61309 46714 
51437 63734 39692 50577 57377 58570 58085 68760 59088 58821 63055 48329 73146 60172 60693 45183 41711 69641 69034 53893 
48963 62601 41742 52203 55624 52730 64385 71227 55973 53654 68156 52197 67059 58800 67575 46934 41359 71344 70613 52685 
42776 47839 28477 35279 43393 45943 46763 53568 45219 43477 49633 31505 49502 50657 43303 38516 29307 56040 45313 37098 
47851 56190 30378 46521 54827 54088 52856 65793 49508 53065 57039 44772 71333 60640 55049 43052 36736 67228 59580 48747 
44232 47221 27265 42882 50691 45300 43012 47693 40328 42399 50565 43832 58197 48180 48724 37080 33849 56229 52778 38327 
52963 59005 39175 52448 58852 50068 64754 74141 57226 58736 68658 55278 73824 59860 64599 52741 42323 76718 70955 57546 
45561 52409 37828 47346 52387 42651 58078 65371 51507 49882 61747 43342 59475 51494 61982 47283 38219 69742 63097 48296 
48814 53982 32615 45683 56520 48590 54888 61686 42425 46193 45262 42560 55518 54238 49141 47095 37971 65751 48985 42302 
54145 58907 42107 57460 58506 57448 57413 65915 54822 55970 64160 51022 70434 59600 61935 49127 44624 72166 70572 52409 
40776 43428 32842 42482 44257 43395 45024 60135 44858 51090 51182 37890 59537 53435 45951 42739 30296 54731 47588 41043 
