27968 33414 21852 17007 21869 24262 25633 27710 23728 28595 
30189 45191 23948 26181 24251 31094 39464 33900 31357 36824 
25502 31768 23257 17402 24243 21815 27547 25906 19934 31896 
29761 36942 29362 19106 22801 25636 31994 30982 24201 34322 
28724 32508 27867 17017 26876 24430 27558 30536 21580 34081 
32733 33693 30201 20923 29483 32801 28433 30874 26731 41465 
21720 31496 14564 18701 13547 17580 23348 21527 20883 24153 
29592 38963 25546 19570 24031 24992 31815 33860 24916 31570 
28647 42250 23975 27487 23016 27342 37776 24970 34409 33359 
21459 35061 17248 24165 18400 23414 32408 18462 27992 28377 
