25767 15507 14960 21986 34352 24056 24564 22998 33636 32192 
19718 12812 11889 15485 27810 18533 23266 18088 27278 28440 
29281 17578 17910 21663 40142 24253 33979 27131 36259 42925 
22433 15883 14449 24254 40440 22464 28979 22532 30568 30912 
26544 15436 13727 18991 31353 23013 23713 19578 34270 36359 
20462 14896 10443 15957 33190 20728 28507 19892 30250 27580 
22627 18884 12798 18561 32236 17777 23315 20212 27942 35665 
25040 24588 14385 23309 41068 23356 31397 24120 34583 41892 
18745 18807 13378 17459 32884 17659 27472 18285 28075 33340 
15441 13165 12634 16322 27993 14127 22730 17168 23524 24630 
