69196 55081 43205 61219 56363 73046 62690 53084 70369 65299 53478 58323 54305 56459 40731 62691 52836 60548 63537 58413 
49371 46709 29261 47896 46521 63195 50359 41667 60041 52062 44785 49859 46629 42610 44112 47877 44804 42988 62733 39152 
62968 54507 43443 57925 61852 69496 56320 51806 72511 65923 59689 61524 62100 48767 48034 63389 53151 55242 60818 59037 
52538 39990 32066 44797 42018 54288 45238 39301 55491 50636 40760 45688 40560 50264 36571 40995 47139 45089 46819 38676 
51331 46906 32204 42835 42143 51312 52792 36942 56549 49580 42904 43873 43776 45686 40222 46739 44805 40252 46416 38350 
55211 52160 36424 45533 41288 52036 51668 36974 60827 55881 41401 46312 50840 49395 38419 55107 43246 42928 47367 52698 
57792 52570 40141 55921 45654 59254 57589 49172 61754 60247 50061 54145 50914 52610 37670 56294 50587 52577 59433 49007 
86702 66086 60061 73689 70680 85180 75351 64284 85971 82791 74081 70302 67799 65650 55985 78357 67585 66746 76958 64302 
61193 57597 40226 53537 54830 65845 57979 49236 72056 60885 58494 56778 55617 49420 39439 63758 48598 45722 58389 53308 
63870 51030 43465 47766 44300 57591 52393 43359 60243 59929 50137 43677 47045 49850 34113 55038 53583 41803 51370 50804 
60703 47622 45848 60107 60873 65075 51677 48575 73389 61544 56674 57419 58535 41042 38493 67413 46347 54495 52868 62312 
52733 40816 39857 49543 46089 52303 45270 40050 51479 53917 42762 45438 42746 37333 31112 52686 38429 48534 48312 43847 
60954 42742 37326 48875 46083 58141 52246 38817 61960 56710 42131 45487 44495 47305 34684 55415 49777 48203 53714 45422 
39625 45590 25853 37982 33030 42456 37165 32771 46656 47016 33309 36721 42531 29772 32047 38162 32878 35295 41122 38069 
47063 32586 32845 47547 34040 41239 45840 36780 40907 46278 36729 38191 38047 31991 33706 48233 34586 41243 46758 35905 
64579 55623 42776 62333 56438 72132 64941 54851 72172 66550 56641 54822 60474 53391 47553 56958 53551 61509 62902 56116 
52104 39436 32793 48573 48213 63176 46814 40581 61133 50316 43162 49021 46144 51537 42257 43131 51324 49374 53296 45639 
59749 55064 41449 57515 45601 57046 65098 48853 55789 55421 48486 52722 50616 53955 41287 59667 43918 53528 55382 51954 
59385 52123 36300 59013 48346 59385 58629 50739 65002 58789 53315 58030 53765 47865 50497 53724 52295 51820 57467 44837 
47762 48715 36751 42238 34773 48394 49432 38172 49164 51148 42564 35243 45717 42927 37494 39432 43064 38989 45438 41255 
