17339 16599 22333 24533 22472 17697 21901 18330 20860 14750 
28669 15557 26351 26489 30493 18587 34700 23087 20077 21046 
29988 24472 31023 34384 39987 27585 36114 33005 32889 24862 
23158 23243 26956 33075 39076 24664 31631 29985 29666 21305 
26053 21814 28535 34819 38978 26312 32497 31525 30981 21310 
27721 23763 30194 36303 42001 29402 36039 31495 34516 22476 
24885 22448 27722 38157 36725 25788 26790 32489 34840 18228 
21875 30827 27326 34619 38380 25024 31339 31682 36090 23520 
22834 27351 31796 41579 46701 31422 34519 35050 36798 23833 
15510 19687 22287 28511 33007 21611 23747 23929 24345 16252 
