18098 26579 25310 16601 17792 10550 18646 29834 23936 16583 
18555 26540 17867 20092 14049 13289 12513 24331 21791 21523 
15797 19941 20334 12650 14398 8041 14466 23748 19525 13890 
20640 29560 26735 16946 16441 15542 19319 27630 20834 23065 
18912 27608 20956 23095 13289 16211 18533 31229 25947 20917 
19663 27554 28568 18101 18440 10227 25272 35486 25455 22839 
16746 28618 29062 16956 18440 18046 20493 30095 20953 28630 
19945 21768 24533 13108 14384 12353 19484 25854 16713 18038 
22799 36708 30747 22539 23633 15415 21158 35771 29850 24583 
20448 32559 28033 21080 21710 16666 19348 32704 26025 24077 
