58894 51740 52247 40679 42524 45902 52624 49775 45666 42464 44277 38333 51195 17630 58172 48286 31325 38770 33982 54231 
54376 42729 51401 48778 39250 44200 52707 49691 50858 45562 52280 30954 50714 28284 59263 57233 43086 35520 30684 53937 
56875 54204 52832 49726 42768 53587 58115 58339 55287 53033 60354 40144 51706 31452 51542 60183 46100 47573 42251 56459 
34204 37994 36331 29990 24788 34865 25921 33383 31490 29806 41363 21307 33698 15830 36537 37103 28223 21614 23987 34713 
43113 44866 40286 36575 22583 32782 40402 40721 44310 27760 40693 27118 33634 23542 36322 42026 39467 26264 27725 37872 
56376 48126 45491 47807 41757 49025 46980 52957 52632 44073 47894 36097 51065 25761 53136 51849 43618 42332 47650 56719 
64257 64008 54284 54819 46443 51722 54054 65967 65134 49172 58947 42343 55840 26686 68287 59505 44849 48767 44105 61603 
67325 55510 56700 50276 45636 52597 62831 57248 53785 47378 59378 46231 48237 29302 54322 60071 44316 44882 44564 55438 
69039 73123 65417 53491 56293 50593 68201 65969 61756 56961 62049 46557 66552 29229 68378 58352 45033 48567 45551 72492 
64830 55848 61072 46638 46437 46496 65893 56408 55874 54806 55849 38698 55442 24450 67742 52195 43372 45398 36643 60961 
53070 42584 42593 41481 37313 48731 45789 46451 44880 37937 45706 35705 42113 20279 47408 47338 30509 34959 36858 47111 
60297 56140 52920 44455 45976 48835 61941 61719 66015 56281 51815 45006 49037 30804 56304 61453 56324 47467 51689 58829 
62788 53388 57151 44745 41851 46569 64231 53465 53375 44415 59622 39012 48453 28010 50927 58927 38936 39410 34667 51055 
66870 62437 60191 49985 46578 51244 68304 57452 60294 50174 55447 41714 59581 24185 63471 53900 39379 42879 39516 63108 
47370 45105 44641 39703 42928 47874 42101 49103 45602 47992 47019 31041 52492 22617 48422 48873 36614 38440 40438 52646 
63311 56957 60258 49427 44633 50921 57304 59209 55003 55505 60412 38498 57090 27627 62297 58989 48212 42583 44150 63284 
41374 44045 50502 27539 36398 35916 45473 40364 35826 48024 46088 27754 41350 17891 46267 43857 33558 33673 24106 42416 
58340 54478 54056 45518 43209 49426 48108 52554 46619 45961 47443 39269 50939 20339 59613 51720 39205 42296 36600 53201 
60237 61969 62714 38569 45483 55016 48925 62745 58412 49027 61139 32555 53564 22350 56999 59881 39260 45014 42678 57224 
62239 62469 59722 46384 50114 47802 54740 57962 51736 47373 59103 38241 57060 23606 62120 53955 33764 42916 40942 63303 
