27511 29796 35306 46300 32768 24187 24066 35967 34373 21609 
21345 29318 31928 40325 31509 25203 20374 28716 27164 24356 
24391 25154 28700 45551 29718 18972 19310 35121 27984 26333 
28746 30707 30209 37425 29168 24343 22971 32293 29913 19241 
9378 11142 10092 16877 12601 11193 7762 14543 14278 9496 
24011 25619 27311 38359 26979 20552 21383 31435 26779 23892 
12611 18755 14545 28436 20344 16928 11675 20305 16040 17404 
17275 24704 21273 38043 25817 21068 18706 22963 19373 21397 
26071 27135 32521 39833 25119 20286 23871 31866 28145 23189 
26808 24903 23565 36644 24418 17572 18901 30438 25969 18140 
