49650 51336 53204 65844 59683 71524 53066 56801 50426 44183 65787 66017 41580 49779 69890 56309 42765 57349 59112 48478 
37178 39550 35497 50944 46983 50303 37098 41873 34057 28682 50911 45412 27645 46821 54932 38735 32379 41192 42538 31191 
50807 50826 49824 67436 54587 72731 52072 52923 51677 42992 63628 62134 42004 57071 70669 52798 41486 57561 56049 47703 
58601 56616 59357 72569 52103 75061 56750 60604 50802 55533 69776 75689 35583 56580 79280 60940 50301 56054 70052 59011 
34948 43187 43817 50945 32949 57442 42671 48126 47558 35141 52892 45058 28446 45995 65658 46674 38065 44071 54250 41390 
47116 45198 52557 57942 40049 52519 42632 48091 41489 41696 58386 50848 37349 42322 59409 41851 40066 42729 59496 45220 
48675 53118 57108 58111 42342 60065 46740 52316 46258 37354 61122 57478 27194 47638 64808 47752 36647 49121 60218 53026 
36870 40119 36527 59786 43906 49732 43250 40874 34788 37333 46067 49200 28959 44700 57768 43008 31838 49841 41049 40744 
38551 48813 42346 56778 51104 68413 52863 48474 47578 37761 54624 58324 27513 49342 64013 52739 43120 51913 49075 45692 
49643 48869 48200 69198 49921 68035 48435 49544 51207 46378 60469 60965 43022 50375 65030 53523 45104 51876 65964 46486 
40328 42978 40982 60417 41084 44767 39755 45806 45418 36058 50732 44955 30695 52222 62903 45432 33356 46627 42725 38968 
41567 39351 44632 58199 45600 62611 46908 48325 45797 39374 56480 52875 35489 45895 66193 48182 39732 47072 51291 42665 
51227 53463 56406 68018 39679 66092 45761 55752 52456 45019 56362 48304 28523 48347 71813 51470 46259 59908 61815 54065 
46478 50312 48034 65568 41553 59067 47012 53415 51398 50343 59082 59079 36861 53228 72577 56872 46774 50753 61780 45790 
29696 39555 40475 48444 33128 46811 40440 38590 40037 34504 43484 47392 29156 37029 53944 41945 27758 38510 47779 39407 
47881 35963 46056 51823 35387 55945 39157 46559 37390 39588 54559 48257 24158 42268 62012 42509 39283 42572 48995 44346 
46017 34058 36381 55413 45810 59719 34847 46927 36112 37376 51535 50658 30113 42459 54548 44066 34069 46142 44692 34642 
48021 53432 55588 66600 44817 56418 47636 45329 47788 46602 54410 55948 40484 45916 67435 51093 34286 61232 53187 52599 
49173 51657 55470 70882 46473 66254 53036 52781 53239 44995 61751 61365 40353 55349 73732 54402 36589 60328 61357 54493 
39965 41569 42068 60860 45081 62222 43555 47772 35809 43444 54521 51586 34039 45533 64858 44961 33393 49917 52386 47804 
