50832 53291 57118 50569 52440 51009 54964 46396 52012 61110 58215 66864 44128 47139 42638 46956 60549 63079 35238 42366 
56214 56006 68342 54312 55031 62545 53493 56972 60756 71725 72889 78973 59945 55562 46129 55833 70998 59162 37541 42708 
36368 47428 48982 45276 45786 44103 38657 41299 46588 51715 53228 56630 49664 41085 40371 48190 53413 43612 33154 29610 
45289 43982 60439 49004 52307 60334 45145 50468 61681 68433 61776 69947 48503 53011 36172 49179 64892 59970 37216 39785 
57953 64233 63753 62985 56634 62924 54728 60301 61744 70297 63933 75981 64407 56476 56557 62584 69279 74080 46175 50942 
41660 42050 46096 51094 39274 48059 37053 36634 35252 46102 51874 46884 42137 36221 34618 39055 49846 54730 26833 30893 
42438 43379 42561 38319 45392 47594 43648 47684 43537 51672 46528 46491 39259 35147 48220 39870 48656 57546 32257 32322 
52784 52815 59943 52574 46320 52612 53193 55309 49100 62073 58243 59935 57550 45543 44108 54438 54559 60187 36510 38925 
49903 49223 57622 47679 44918 53513 48122 55305 51347 64361 61996 66768 47769 44876 50139 48267 63757 56598 34171 42415 
39868 44606 45736 34919 42040 47003 38001 42344 40115 50003 43740 49260 52089 37466 40814 51888 48802 44743 36919 30407 
29179 34899 36134 32645 35099 37811 35735 29277 38751 41323 38936 42069 39048 32076 24677 36908 41839 35783 22618 28996 
42216 46631 45945 39821 46183 52409 46779 42164 45786 54507 51468 52684 45343 36849 36160 50321 53978 52074 30070 35904 
34986 31746 46890 40240 32230 44720 32766 37317 34819 44047 44747 42593 39150 29257 33275 38638 45326 42793 30687 29634 
37185 38711 40663 39259 40760 45700 38648 44412 39425 48019 42086 46057 36282 34164 40757 41168 44146 51774 35970 29721 
57082 47495 60266 46661 42372 50463 47663 60867 47119 65203 60172 64997 52119 51218 46420 43436 54403 64509 37943 38008 
37944 35486 47975 39693 47242 51465 42580 43512 47502 58074 51333 52840 39487 47913 41229 43249 53034 55850 39797 31605 
53436 60613 58432 58772 60423 62089 50171 60867 59748 73527 69196 72482 57100 44475 54292 63309 72396 66633 44682 46145 
39706 48439 55557 53557 46031 47357 42775 44642 54131 58099 53935 66083 49551 48330 37968 50055 57238 51530 32656 36608 
44117 47933 58501 47067 38640 52697 43498 46255 50011 54356 53831 57868 55040 47028 44948 46560 50920 52412 31751 31140 
50755 50894 55805 52154 47656 57156 42326 52834 51230 61186 57644 63037 54942 42678 48201 58264 62241 62878 32917 47588 
