19012 32733 23916 22690 28281 28737 26569 26337 28751 34200 
21106 30919 18624 22479 31091 23863 27276 20556 22830 31512 
23431 30118 20349 21505 32050 28721 24480 24944 29590 31803 
18938 22587 16134 18363 24957 23661 24588 20160 22836 26185 
17171 23720 13328 22730 31972 27880 18626 21561 21250 26091 
25053 31628 25822 22633 30967 36549 28914 31965 31147 35014 
17860 28074 22130 16990 28951 28385 17089 27153 26702 27406 
23411 32443 23854 25967 37304 33981 26875 30519 29289 36213 
24372 36347 26975 23962 31643 30351 31554 30441 31546 38006 
20182 35594 22768 22910 31083 29115 25623 27401 27392 33898 
