44539 48569 38669 45584 33444 25943 47806 38009 41010 47185 42337 42621 35215 35689 32726 52535 52187 36969 37569 56175 
64528 62152 57213 55600 59240 37680 61557 51370 53093 58574 60047 56405 60627 57572 50543 74525 58928 42589 47386 61474 
52629 56513 49451 44435 41997 27666 50127 46771 47088 48538 49944 47809 45918 45330 42060 62472 52333 35218 38970 60294 
49857 59369 49844 53448 43522 34575 55319 48441 46425 52865 48003 44165 45672 41235 39046 63426 52189 36734 37230 56133 
55412 61922 56063 58009 49968 31578 63705 46129 54055 51404 54746 48184 51922 52634 41971 67929 68388 45670 47492 51155 
45232 50729 46926 43892 45830 31093 42953 49265 43873 47051 42154 41565 47551 44237 45290 55964 47899 34034 37251 54860 
44781 46967 42356 44171 42889 28843 51270 44594 43713 43439 43091 37101 44851 42761 35113 51590 50832 35799 33988 45688 
44811 43343 45307 40657 39606 25350 46315 44594 42256 38603 42598 38158 43696 37555 37815 47977 39343 32120 31893 40203 
41977 50102 50886 44757 48843 26693 47878 45601 47999 47620 51879 35114 40051 38499 37295 55330 51547 45630 34171 47285 
48969 47080 39532 46718 46184 34683 50861 36164 39925 40193 38600 37518 42677 45008 35338 46911 47332 31253 33574 35661 
54263 58390 57509 48351 58968 35140 60217 48037 53666 55198 52603 47444 55217 49933 51424 63517 57716 46299 40392 53755 
56660 71903 57363 64689 40636 37095 52253 51145 49053 59565 54901 55026 47863 44652 48238 67119 62332 43518 50921 63459 
36651 47093 31428 40803 40709 22053 36850 31527 39747 40191 38238 30802 35858 38211 24321 47602 37867 25338 34787 31485 
44711 46471 43635 42307 44547 26246 47855 35366 43929 41625 46862 36971 39364 35817 35113 49572 52545 38173 34778 41397 
45845 55801 43252 45074 40320 34600 39734 37487 37933 39820 46694 39370 38273 35064 33525 53415 42508 31868 35058 45262 
36372 45052 36260 42600 40854 30357 42703 34248 37645 43158 35216 31903 34821 33457 27161 52254 37777 28122 32938 36483 
38928 34316 41765 32636 42462 28969 45272 40549 37074 34001 36704 33465 42794 35421 37835 48241 45607 34184 26695 42611 
58862 61703 57477 58023 57199 42558 57774 50494 53967 64479 55054 51051 54342 47349 50560 64387 53729 42755 44948 57440 
43237 57639 48120 49074 48862 28739 55449 45497 53722 51885 46044 41913 56663 51684 37045 68178 49067 35775 42455 48809 
52229 59509 56527 57262 47417 39644 55781 53439 46289 47105 49135 48743 48046 48779 41480 63358 56478 43487 40431 55154 
