21419 20979 19079 18468 15384 21221 15091 17922 24641 14926 
29730 24058 16191 16782 18352 24319 22392 26723 26839 15435 
29941 35314 29382 24757 21221 35531 28233 33907 38296 20595 
30428 26360 23839 18181 18599 31107 24976 36616 34216 21210 
16413 18534 14742 12134 11309 18820 14104 17555 18911 13979 
39854 45509 32594 29302 26605 44245 38155 44602 44016 28922 
15846 23672 12984 11887 12460 21106 20266 18422 18887 10788 
27788 23386 23088 20168 18285 26317 20201 24841 30698 16859 
28008 31804 28989 22111 19775 33545 27384 34885 37890 20440 
24562 15825 19457 17362 16663 19689 14101 22354 25838 14738 
