58187 46063 50202 61301 48542 48104 53757 44288 58639 47696 41324 37854 60512 60286 52304 53705 54153 54852 43277 60793 
45373 37083 37852 38477 35670 36687 34787 38068 45565 45149 43838 29927 47940 44447 36464 46811 30720 38300 36843 49083 
56656 40080 49555 48853 38465 43150 46820 40241 58006 53816 49766 37600 58520 56080 43257 48905 45484 47851 43640 54831 
48897 39861 31745 50190 38339 40735 53128 39268 47973 45764 36515 34862 47401 53722 45748 49626 41054 48029 36880 50114 
62395 46361 44098 56880 45289 52260 46338 39264 61764 64263 54094 32346 64640 51966 43364 56221 52124 51466 42047 56397 
55547 51361 44335 57571 46761 62213 51572 44337 60318 57074 53372 40165 57380 60125 50615 51267 51440 51312 40502 59502 
56560 45405 42250 55012 50068 50893 58155 47247 58065 51728 44267 36436 55306 60313 53913 51715 51343 58282 39681 60134 
52991 43791 58508 48481 48503 45663 50441 40061 56888 54462 47527 36758 58614 64600 44538 50183 50685 50802 46353 65109 
53245 39310 41231 59578 39310 48255 48189 38658 53183 54156 45542 38000 59324 51897 41347 51223 42262 49076 47462 58853 
43204 37198 44397 51865 45892 48228 42687 48916 53968 38629 49854 30634 52966 58601 50950 44792 45413 39587 39554 56615 
43733 31905 36195 42121 37148 32524 45674 34651 41971 41158 31272 34350 46111 48476 39821 40693 37351 47305 36696 48119 
57568 57401 48665 63289 49766 54216 54247 44455 58122 53246 46624 46166 56202 61235 51866 61367 45070 53401 48813 61909 
48328 42459 40136 49211 40941 42835 46043 35901 56738 54314 50118 29074 53618 50696 40097 50028 37146 45001 43137 52127 
53173 34049 42474 55136 34604 42458 49944 40655 48597 44472 41934 39190 53615 53217 43918 47988 40715 50103 47525 58959 
53921 37301 40343 45399 40804 46167 38991 42500 51175 43892 44737 35651 50699 47981 46690 45201 44093 44512 35607 50705 
68870 56429 56806 68546 58771 60682 59800 49141 66354 69624 57142 46373 72375 69933 58377 60466 61671 61731 50742 70467 
54673 39310 44954 47699 39852 34226 44923 34300 46298 48179 33965 38502 49880 49127 37850 48229 43503 46347 42339 48693 
39168 45749 42287 44460 44231 46702 36082 30670 45829 44587 40985 30528 47503 50459 38044 41579 38136 41426 33863 55425 
49883 37149 43090 49122 40735 48386 47043 47711 57439 50021 60377 34301 58903 57627 51538 49277 43524 47174 45315 56836 
61957 43075 44376 61276 41623 49453 57078 47169 60135 48632 47059 35970 61392 58010 52496 60549 53235 56195 47812 60829 
