28786 17086 16074 23678 19172 17892 20977 21917 14855 29712 
22422 15687 15815 26056 24949 20183 17782 21250 17078 27969 
30585 21748 23700 30194 23534 20448 20958 26113 25146 33000 
22818 16741 19462 20528 15785 14215 16927 18129 20105 26674 
28486 19190 26241 22636 25187 18029 12808 23729 21352 35453 
28115 17192 18684 28408 19963 18840 17769 23166 20115 27283 
33188 25280 26717 29986 24746 21684 22818 30529 27360 38632 
23669 17064 16904 20611 19470 16248 13522 21826 18385 29417 
25001 15373 18272 24101 18921 10427 18270 19928 16121 28481 
26418 19204 18766 20576 18374 19049 18075 19747 20399 30340 
