41934 53597 55397 58809 54830 45030 45096 55515 56862 38257 43353 54710 45193 47415 48858 34541 44882 43596 59946 45990 
35073 48608 43614 49268 44159 31916 32694 44825 48877 27697 41522 34529 30118 37198 37413 27941 35100 39693 48897 41630 
57027 57848 52688 66586 67484 49219 48448 52905 57694 41601 52860 49999 44301 50456 52865 42073 49973 54578 63338 57756 
48127 41599 46227 50807 60092 49090 44687 43328 45285 36096 46225 49467 35582 38608 47662 31496 53812 53941 60594 52574 
41347 47106 42327 51711 52324 38531 36013 42099 45088 36113 38556 40161 31978 45685 48732 36758 45190 50222 49931 43367 
49125 64339 51029 67913 66759 50859 47433 51590 63044 46555 51912 50281 45986 56226 58694 48926 54749 57581 62434 53782 
51289 54602 44240 58547 57574 53323 51730 53221 50524 45504 51470 53653 40207 47720 61505 40511 48725 50845 63122 51850 
67495 67643 60433 76791 80662 64032 59692 72836 65359 53989 65478 72095 53687 58769 65352 51934 56643 69118 86392 62504 
43775 53059 47885 62222 51642 47580 50725 51928 54147 46010 49657 45835 41543 45601 53615 37835 49037 52589 58777 48247 
35307 34573 39566 38694 50778 36064 34892 34325 45920 31894 42386 30488 31835 39167 39085 26718 48812 39104 45555 47044 
39498 37301 32669 43655 44384 39279 42402 40658 40513 36567 35038 36587 29078 36285 50185 31766 41101 42782 47286 42100 
52331 61492 54278 67817 74289 56810 53579 56019 71140 46422 54571 55343 49300 55099 62036 45605 62106 58972 68515 60116 
42458 49141 46236 51375 58348 43044 35773 45607 50819 38922 46846 47305 41088 45814 48239 36473 48987 50738 56472 53599 
49994 50467 49280 60706 61728 52495 50688 47204 54816 39670 43441 52774 44516 47277 50262 40565 49246 46269 59044 45909 
53286 64189 61291 68709 65900 60127 58065 60388 67834 52077 56705 62899 51429 54765 66682 46535 61882 64196 74552 67607 
43265 45320 43599 48018 54213 35564 36341 47151 46278 38646 47738 44542 37754 38731 33023 34819 35064 44100 61167 42405 
54049 59051 56464 73035 69701 58333 60381 55076 61419 50835 60206 58471 56233 56817 62146 52430 58006 60877 67520 60263 
32707 43127 35374 47889 39333 37685 38631 40762 42775 30095 35970 45617 33321 29446 40521 34101 27578 35837 48618 34802 
42778 40755 44205 51686 54775 44069 46855 50795 45896 37020 44704 44314 40869 43370 48584 30062 46102 43309 54313 44794 
34655 43476 40667 44448 48734 29134 33639 32266 45767 34259 37531 34841 34274 38556 27997 30895 32052 39121 46187 38208 
