19626 17080 10747 22400 6613 15520 11876 14021 19597 18872 
24287 18717 17255 25431 11249 19352 14349 19908 25386 19692 
18669 18246 13898 21053 7921 16440 14948 18505 20128 19006 
19721 28075 23250 30330 10193 19814 28095 20961 28479 27179 
18529 16768 15842 23604 9458 18138 17154 17867 14215 19822 
26801 22135 13235 28647 8659 23407 16807 21072 27117 24888 
27143 28228 22759 33220 11971 25276 26223 27960 26071 31790 
20140 21916 22187 23771 11269 23491 26073 26006 27159 27357 
23423 23093 20065 23858 11214 21657 21435 25519 24219 23900 
22186 22978 14302 26198 7878 22994 19547 26185 25222 25405 
