35715 44136 32084 42513 31368 47068 54181 46450 34027 36778 48748 48940 43398 44791 43449 53933 29204 36166 45785 51308 
56148 58630 51057 59812 51642 75609 72120 60572 59415 57702 73462 64564 69230 57403 62297 75818 50299 52469 68055 70634 
56457 61600 56562 62055 48607 77218 75608 67644 48699 51142 76424 66011 68029 64978 68208 78672 45247 59246 66711 74441 
49164 54096 47441 55133 40674 63990 71251 52629 53581 51581 74915 55581 59011 51831 60473 70999 49569 49179 61542 64165 
33380 50913 42717 35393 39657 51132 54715 42702 42068 34040 60345 46036 51678 54755 48987 52971 37587 41153 48096 52040 
59519 56407 53774 58292 50867 67335 76590 56410 51446 55663 75699 61220 66892 60739 67776 72982 46432 47881 60770 71585 
51122 48910 40302 57983 41529 52747 62952 40310 37847 38076 65545 54614 47625 53577 56932 66824 38507 47468 40487 65697 
36894 49069 30698 42101 31626 48709 57813 42596 32842 36861 57260 47104 51217 50799 41870 62128 38247 40744 43059 53246 
44818 45049 47957 50433 45485 56864 63146 45036 49076 44853 70340 49060 50796 54096 60503 60261 40227 41296 53014 58138 
48172 51545 53369 52791 49385 66101 69120 45064 51107 43288 66746 55383 62547 57700 66907 68933 46314 51409 50519 55409 
31030 38908 44439 36584 31004 45996 40190 32809 33054 28380 49848 40094 32875 42929 40957 42604 24799 36667 38945 42902 
35061 37713 38619 42389 39912 51654 62741 39578 39946 36555 54742 43509 50876 45888 55573 58456 36945 39538 41686 51570 
43952 44169 33096 48503 38228 48335 56768 33678 42094 40454 53653 52473 46634 49923 48137 58031 35422 37617 40081 48480 
48613 46202 41985 45719 41537 67739 63826 46852 50121 48543 65022 54111 56175 48522 52422 61580 40164 43367 57685 56554 
41113 44678 39894 44155 38997 57262 66840 41405 45785 43085 67670 49846 44452 45846 56961 58663 36533 39663 50609 62735 
49627 50398 53396 48847 40601 66891 62928 52013 41691 46103 58564 56837 59840 48844 56923 60802 40699 49165 56141 58572 
46638 48082 35012 51508 40781 60452 61214 45512 49939 46237 62547 53820 57464 50790 50848 67591 47746 42644 54694 58176 
47532 59962 57068 57243 45467 66336 73750 46788 48115 50842 75525 65216 58295 63733 66719 75288 48641 59624 53768 65186 
47635 42207 37175 46383 35239 48231 57244 38751 39724 40119 53955 46025 46875 39598 50091 52336 35529 37247 43115 48213 
50750 48925 49155 57315 45996 65966 72210 48547 52361 58109 72816 52913 56178 50022 66021 70351 44760 47504 58287 64524 
