19853 19122 16129 17938 22900 15127 25889 14104 18213 20868 
32880 27056 21736 24175 34362 24150 33262 22407 20855 27824 
34748 28040 21673 25009 36328 25093 28729 20059 16887 27469 
28038 23789 20861 16460 26330 18338 27755 16075 19021 19403 
17940 16929 14471 18642 24680 20210 25607 18177 16484 21855 
31374 29654 23231 21371 30108 23192 31048 17748 23172 27476 
24340 21674 16986 15550 23977 19512 25954 21632 17795 20155 
30927 29189 23572 27680 35707 25883 40704 28321 27868 32618 
26268 24488 14875 20049 25498 18435 23132 16039 17074 24079 
38689 32910 25271 36045 46050 31479 44343 28493 26759 40089 
