22970 19298 22869 20915 12303 19061 16094 24213 27840 17559 
33803 21404 31819 21762 25456 25867 29250 28638 27366 20505 
28179 27253 29116 24744 27437 28943 27932 27810 31743 23698 
21220 16645 23212 15454 23904 23164 23911 17909 19879 14584 
27863 27354 28054 28526 31117 27789 32537 23351 28425 21794 
27041 23988 27113 29593 25390 24043 27881 24980 27869 20256 
32062 26612 31052 27531 29102 32892 29390 28192 34772 29288 
34533 21295 29448 26578 30649 26484 31430 27285 26456 24416 
30673 27465 32221 33184 29094 28726 32964 28613 33649 21971 
29239 27894 29311 35723 31530 30595 32166 26079 34209 25676 
