56952 37157 56354 51455 45974 44054 47769 47205 56660 44138 44947 45217 45009 52062 40864 33838 48785 33090 41695 45234 
70675 42932 62198 60966 47317 45690 54091 55988 56682 49527 52645 56675 45529 56101 49266 45038 52312 37546 46606 51716 
59817 36855 56233 53251 53157 41772 53015 47143 62639 48403 48483 50784 46168 54420 43219 40887 52250 37957 43127 53287 
55446 32606 53502 45611 42652 39013 44176 45101 51725 44115 41061 48622 38654 51855 42880 30337 41505 34733 39816 43446 
64327 44794 63489 54749 56588 48926 52889 58517 59813 53769 53928 56237 50813 58917 51235 45354 61919 42471 48266 59343 
79507 51291 69865 60288 58739 54458 58324 66813 67710 56850 65102 66048 46758 67267 49929 54788 66832 46174 56960 66653 
60458 38323 54844 54626 45041 40436 51641 51921 50004 42920 54333 53956 42649 48358 40651 41894 50334 39608 40310 54360 
66552 45302 48490 57076 53757 43275 51800 57563 56826 44711 51875 55803 40497 56074 48783 44726 53729 40586 46659 57443 
69957 45523 50903 48981 50176 40803 49974 56713 54260 48486 48080 54835 38378 54817 46915 45000 50452 46850 45019 53872 
60404 40570 54102 55253 47542 46045 44601 56895 56687 47966 48416 56562 43595 57065 44655 38598 54182 34235 47941 51593 
59649 39985 47969 49592 38703 38646 42300 46626 45201 37853 47016 43573 38366 42090 33898 29728 41627 35677 36202 43568 
63951 40942 58083 56057 42438 42982 48408 55149 53205 44156 46514 54089 41712 56569 45012 37630 52182 38736 42240 45241 
81033 57209 69405 69496 64005 54905 65689 70722 69898 60981 63340 71620 59184 67154 59821 53228 64958 51052 59667 69063 
48519 32640 40696 45156 42709 30626 45295 46888 43093 37316 32022 40213 33353 48048 40092 24736 35513 30817 31991 45048 
70604 43309 64506 54633 46394 50411 55889 58585 54738 46055 56090 57420 46619 57736 44240 42380 51241 47101 53337 51890 
61270 42009 49149 41512 40341 40735 45249 57525 45117 46399 42616 49324 33435 51049 39141 37365 46196 36432 36110 54034 
56204 39328 48185 47159 39832 42589 43066 51402 45470 45495 45560 48018 36407 48278 40944 35219 40988 36393 42636 49479 
75172 51247 70387 62258 53414 54290 60724 67327 62282 57335 60936 64080 49166 65601 56222 50390 63272 45091 50743 64827 
67400 44975 59351 51732 49275 46175 51289 56298 56040 47152 51021 49846 40732 55813 42146 43133 50717 40712 45861 56866 
69352 48891 56550 63697 51603 45598 58680 65620 57445 56456 49958 65127 46485 64308 56580 48690 56121 41356 49764 61885 
