25497 32168 24429 20255 31696 23696 30659 32166 26995 19397 
22041 28622 28655 17538 29952 25459 30774 32442 23563 17924 
20250 28721 23159 16500 31357 20056 26999 29395 23649 19680 
22941 26566 26660 14975 29008 25619 28510 26774 23795 18697 
22495 28055 21375 15918 26500 23404 27361 27719 28092 18195 
23867 34702 31642 19133 32002 22917 37432 33606 31046 23747 
21419 28266 27344 20925 34735 23738 31926 33775 22630 16932 
24715 29516 24478 16943 39013 28686 30274 32181 24580 21819 
25448 30380 25289 19800 31743 22899 28156 28484 25893 19384 
15055 24670 18583 13063 25552 20253 19906 19639 22632 15689 
