16454 14623 28841 28448 23518 24054 22400 19577 28380 13521 
17612 18691 31345 27172 20447 20056 20933 18045 28424 17264 
23020 21088 27946 33437 18369 29940 18851 29435 27559 18820 
22422 16419 34744 30109 17388 27160 17793 21708 28292 17802 
20743 18820 25171 32476 22276 24938 23951 23026 29104 16175 
29318 26920 34784 42005 30150 32484 31487 28782 37410 19469 
24824 21233 36436 33119 30152 22132 32056 16229 36292 15686 
26856 21551 30583 38138 23872 28574 24760 28488 29353 23641 
10363 13095 22883 23341 17370 19123 14096 18201 20156 15119 
32469 31595 49411 45574 35442 37534 34713 29399 42846 27747 
