29023 25455 19332 17794 24662 13930 25697 31260 22471 24906 
33203 28978 26897 23670 22457 19120 23359 34537 21025 23774 
35160 29761 26573 20147 28574 14594 24699 33519 21238 27280 
31430 31591 25594 27400 25557 20139 26969 36355 19443 28949 
31937 30753 27126 31342 19947 15975 25821 31216 18952 28361 
30890 24508 20610 23100 24626 15848 18326 24723 15956 22466 
36207 34860 29973 31435 28438 20840 32001 38684 28357 33752 
24447 15811 18810 13853 19456 10327 15339 21980 14457 19450 
38063 34439 28361 25914 32302 22570 19396 36703 17048 25300 
37983 33562 25410 21320 31319 20861 21644 32069 20105 21516 
