63435 52391 48644 55908 57821 67853 46116 59861 30649 57771 59988 50769 58979 44229 61297 50743 57970 51130 58351 45762 
46801 36832 34312 38861 43560 46795 46418 47220 20621 40509 47312 42026 44536 37537 52641 31733 42196 37300 38680 27687 
51711 44477 52044 55202 55601 40847 51132 48687 31849 50742 46194 44982 42312 42716 51128 42392 56912 36231 46311 35789 
53318 38249 44361 47129 53080 43924 44304 41589 29626 45349 42688 42530 48185 40911 47780 37917 48432 37775 39572 35607 
56969 46633 39802 44672 47020 48103 41367 48849 28256 48030 48694 44422 55815 35788 52868 35370 53964 47617 48107 40322 
50931 50156 41243 45368 45730 42043 40622 47278 28626 40954 43490 44561 57265 45316 56576 34945 52519 46790 44870 42279 
51828 50172 47789 55758 57917 52894 47124 53388 30717 53146 58076 48197 54982 49412 66180 40296 60492 48097 52090 46514 
52378 42586 45313 54215 50547 52568 38975 49963 29649 39802 55707 42102 46371 37947 51774 41296 47607 37679 51356 36655 
50510 38911 42495 43184 55844 45253 54397 55075 30236 47894 45856 46001 53635 41597 61531 31421 59720 44668 46142 37528 
59885 44158 46146 45695 54950 55022 47597 51338 30460 49128 50879 47800 53510 49968 57332 38532 51523 48972 43130 45522 
46107 48970 40043 48667 49153 43766 51293 42531 29131 36664 51284 47761 51439 47464 52851 25660 51766 43289 45894 40339 
53467 48657 38591 47389 59472 62596 50569 51069 22354 50253 52900 52828 57946 50655 62721 39810 51158 48293 50709 40218 
51777 46011 34423 43362 44173 48317 41529 47933 24384 39317 45428 48060 51480 46594 55384 30085 45584 49011 41365 39974 
60862 53577 52356 51770 59570 59583 54995 62506 31429 57560 56548 52609 56305 57234 71545 45283 60384 57887 51303 50106 
52127 48121 52347 47888 50390 45629 48900 45179 28692 51096 50947 41052 51541 37524 52819 41162 53905 39329 42189 39669 
71114 57568 59357 62460 58850 57798 53498 66122 42701 60602 65771 53849 68155 54176 74124 49255 70246 64034 59418 55627 
62522 49663 52373 53900 60776 62129 54311 56883 32649 59442 64920 50684 60139 55336 69700 48476 61149 53319 55916 48058 
48133 38748 38738 36433 43023 39924 45905 44700 26115 40923 42226 39339 50757 35330 52441 26250 50841 41767 38006 34638 
54153 40757 47975 51838 59500 51669 48853 55332 31830 50745 50828 44036 57622 52880 67905 42597 51768 48543 49282 39694 
42349 43587 47787 44556 40809 41584 47261 44482 29544 40452 55943 38042 44741 35429 57822 33299 54199 39504 42563 40199 
