40627 27845 26628 31768 27666 22375 25107 37406 27770 32517 
38019 32395 27493 39032 28732 26968 18285 37118 34431 32056 
25111 17223 19194 31112 16847 21545 14382 22983 22700 23851 
28433 23163 18645 28836 19375 17624 16072 27658 26294 23769 
30006 22046 16037 22282 21704 16877 16873 23683 17058 21173 
35803 30096 23344 28759 24479 21725 15958 32633 23725 28022 
40789 32025 31536 35485 31406 26150 20061 40395 33947 32851 
21630 20045 16761 28746 16893 16537 12226 23105 26419 20313 
39803 35643 26917 38235 30686 29448 20494 40255 31423 32258 
30553 25187 19740 23377 20480 18496 17631 28676 19987 23965 
