46164 48529 58653 63195 44528 41885 50663 59739 58399 56661 47984 64093 50934 57370 48121 57127 36987 44685 60342 50771 
43040 43527 48201 49346 42110 38369 43284 53908 48738 40326 42270 53222 47484 49018 35032 50162 33167 43290 54132 43901 
43928 54464 55145 61358 42635 40561 59423 62560 57700 58035 51028 62390 48910 56872 43764 61740 38982 54004 62521 66445 
61924 70656 66516 74373 59957 46825 66270 64923 61188 62764 65783 67199 67183 72743 47616 69243 42579 55256 69547 64420 
36960 41966 57900 52302 39861 40151 48926 50337 48787 47359 46017 51578 50886 50495 31969 49027 29180 38766 51063 44502 
45577 46310 51642 55715 47743 35902 47436 53690 46352 37015 42757 58142 46317 48006 42704 54627 37401 44396 57917 47257 
39147 39581 40867 42936 35491 28254 41101 43468 42168 34230 38375 48485 36628 38623 34742 44072 22997 36237 42148 39821 
43756 43438 51800 45252 40843 34746 44610 51980 48008 41816 42551 49531 44722 47594 37039 50423 34305 45862 51918 49453 
64287 61429 64218 65964 53271 44310 56349 63436 57322 54078 52583 70725 53970 70036 54078 69755 44204 54340 69234 56056 
36103 41158 48890 51336 40668 35248 41495 52682 45306 47834 42760 52872 46702 49227 36202 49477 36126 45138 55553 50863 
51181 51458 58830 56803 41306 39170 53710 52919 46568 46065 52303 60407 54234 57849 41859 58139 31647 50242 60407 55124 
45478 55515 62021 58004 46200 39142 58550 59541 53199 57618 53167 61974 49673 58576 40482 61297 39322 55830 60383 63845 
60004 64929 57548 60549 53182 44077 58243 69029 65289 58142 57986 72565 57597 67140 47218 65891 42225 56977 62669 59999 
45459 56536 56127 55146 42600 38987 49276 53521 55034 58069 52564 52954 49622 57429 37076 56452 33590 44109 52945 53728 
55359 58655 68339 69391 49179 51518 58463 71923 65449 62073 57591 74862 59292 62313 51528 71530 43377 62454 74194 67759 
47306 51404 63408 62084 55344 48072 56659 66282 55068 52585 56742 65606 60288 64407 43469 65445 44811 56517 70920 61681 
39983 51233 49406 44895 42155 30402 51298 46671 44965 40687 43516 50690 40085 49414 30393 51009 31231 43309 44035 51161 
42711 48393 63487 56288 48621 45899 44108 65984 56406 42630 49449 67299 52099 53822 48108 63751 39971 42979 59113 49381 
46174 59766 61224 60343 48809 43777 54464 58101 53588 54957 56441 61170 53794 57927 38342 64426 40132 54367 60000 63883 
40045 39749 52323 53612 40864 35741 48129 56393 47951 42996 47158 60512 47697 46688 40688 52586 33320 43518 51192 51644 
