26918 26624 31093 23537 22783 23412 21467 34493 21925 18154 
25947 20592 29533 20289 24871 26564 20848 32923 27845 18361 
23115 21246 25532 23066 19629 15970 15522 25524 17785 24530 
26978 22792 32190 24459 23882 25663 19239 34402 16618 23880 
29355 26942 35188 29319 29967 30613 25534 40453 25647 24387 
27272 19765 29645 26510 26405 27729 21602 35910 25069 20279 
24250 13525 26178 22259 15469 21175 19240 27877 20198 23956 
32841 24559 37646 29542 26991 29343 24123 43825 19919 24877 
29967 23821 34520 23932 31144 32916 20459 36341 30654 25462 
23138 21560 27753 19901 23713 20641 18967 29292 18841 18471 
