55476 58174 45580 46336 58311 50846 53363 40065 51207 39821 66885 52530 37270 51497 44604 62763 47441 63800 59260 48574 
54311 51674 42834 52879 53667 47438 50960 42200 49873 42775 57420 51556 41127 54586 39371 59609 52773 60549 57111 40860 
65000 70268 47307 57722 65951 55782 60605 48685 59801 46604 72533 64473 40073 52306 53100 63378 53849 58726 64650 47450 
54049 60831 39706 44529 56875 51645 57929 44195 52546 42127 59398 59159 33478 56148 44195 59524 47980 55703 56155 37991 
51960 48873 43239 44514 52872 40774 53391 40730 56482 44143 58184 53271 42176 52210 42393 58656 62994 59173 56881 34968 
54977 57316 41593 38221 53192 48905 51776 38793 56689 43628 59468 60013 32862 52906 43718 54007 51495 63671 53454 31846 
57655 53488 42426 53566 54374 42340 51415 39864 51280 41823 61489 55779 34042 57430 38455 57623 51491 56116 58055 38812 
51146 50595 38921 40350 48969 42871 46949 38825 52824 40805 51446 58288 27469 51659 37162 53027 42719 55118 50559 31361 
55766 46204 41054 38997 49185 43922 49560 35511 37493 31256 52161 47758 35341 48877 44383 51103 41654 48126 53656 34206 
54935 56085 44166 42394 60230 43032 51135 42845 51924 47160 58633 50583 35693 50660 40531 64049 42462 58098 52966 38297 
46422 49374 40749 35199 50089 40061 43857 37581 43660 38933 51460 48821 24450 39829 36843 54065 35327 59086 49851 36521 
60547 54681 40293 48124 57960 46674 54177 41303 49982 37568 58862 56013 33303 50278 45410 53808 45266 62173 58990 41781 
58002 59410 45021 37224 59477 52641 62648 41172 50739 34754 65615 55656 37683 47962 48386 58618 40027 65685 59298 40840 
66206 54941 46329 43463 59592 44352 61780 39130 44003 37008 62033 56965 33835 56130 49390 52912 48045 50623 58807 36112 
68474 69008 51645 51082 72032 60074 72373 46195 58729 43594 77980 63959 43517 63645 56558 69429 55919 70717 67695 50998 
45509 46105 34218 33993 37151 41237 42346 30198 32056 32203 42468 41516 29257 41877 35687 39723 30812 39986 48082 29214 
40467 45860 35119 35533 40690 33438 37128 37038 46095 37159 47186 46931 28449 32522 37601 50069 39805 40507 47706 35823 
48618 50848 36685 28480 51621 39300 56281 28261 42050 33193 59307 44011 29543 47094 41566 48017 41593 46060 46829 31914 
46111 38839 32955 35584 49123 33394 44717 34832 35526 27496 44190 37689 26282 42783 31507 44176 38209 40866 38790 29869 
62664 65953 48958 46538 67718 52434 63031 47387 65128 50541 72804 66417 36701 57421 47043 68732 52385 71632 59552 43116 
