22074 25684 29696 25642 38405 26315 24588 30739 31956 28074 
24080 16299 22867 23879 23445 17718 18597 28041 25893 18554 
28360 22124 33672 22908 27992 32649 24012 26605 28172 23433 
25748 23817 29501 22751 32561 27145 25832 26070 31849 21925 
29075 32716 37576 31623 43250 40485 32249 36992 37636 29135 
31978 27229 30034 28408 30984 27317 25768 29233 31490 21444 
15232 13928 19025 18590 16584 19289 16270 18893 20818 14962 
22225 14760 24488 20990 21672 19071 18901 26713 24135 21141 
20111 20532 20265 17540 20235 24312 22710 24486 23133 21225 
22820 23476 25169 18191 26577 26065 25501 30146 25221 20432 
