37296 65970 60471 56812 51833 38443 62606 58015 54967 57146 49228 54528 49726 50646 40155 38899 52011 66373 46820 54099 
43028 66795 55401 56686 56048 38582 63926 61604 51963 57583 55495 61859 58317 52624 44653 39928 49308 59920 49308 55154 
29549 49436 39816 38202 40425 28220 45021 42231 37964 39935 38053 42401 38508 34201 27947 28553 35569 40131 36982 42885 
31997 55425 52205 45663 45808 31735 50862 54838 46737 49372 48694 53914 47344 46658 38792 38492 42605 51819 51894 47687 
39155 66763 57270 57034 51470 39840 59985 61923 50602 57666 45819 56305 52634 44854 46075 39294 44155 59582 49137 48782 
34836 68020 51132 56537 52137 37452 52594 54837 42913 52192 47647 52831 49433 47869 40913 41986 44556 53566 44712 50059 
37124 68079 57310 48058 50336 39185 53051 59397 51549 59024 52590 48026 51731 46083 43120 44868 45937 57392 46524 52987 
31483 57189 52206 49806 45929 34626 48179 52213 42736 50646 46668 50904 44671 42715 43957 41402 38469 57174 46475 42420 
30861 50045 41786 33762 39564 31452 47661 48716 40079 40075 42925 40746 45379 40401 29573 38510 41121 42271 43198 48203 
35405 59854 52558 49917 49079 38831 49974 62720 48475 58314 42622 49224 51286 46107 41886 44218 40048 56486 43012 46238 
30230 47180 45147 45300 46708 30684 44172 56591 43710 40124 35985 42758 49991 43540 33861 33424 39013 53204 30389 39694 
33273 59522 53243 53633 48342 37713 54000 56395 43966 53975 44406 55284 49760 42958 50685 38443 38842 57381 49496 39750 
42002 66831 60975 58580 57424 43139 66243 69572 56248 54915 54702 58591 63197 51229 44165 43142 54995 64797 51722 56510 
33691 60376 59981 48850 52990 33107 60116 63141 53127 56855 48617 58968 56877 46622 47338 39208 44987 58269 51865 49627 
42002 62523 55658 42235 53203 36507 59108 69771 55074 48417 49915 51348 59069 48439 41657 36916 54778 57250 52998 58384 
27058 44768 47839 35434 35591 28780 38870 46597 39158 41333 37073 40497 37483 36529 40747 32173 32545 46819 42614 33436 
37628 59522 57594 55304 48917 37844 58972 60803 55241 49127 45186 58518 53155 52631 44668 36879 46771 67188 48152 48921 
35112 49149 50152 50343 43996 33776 54159 55451 45530 47458 37964 50686 48058 43194 43236 36746 34948 58942 40607 40623 
35669 56934 58786 45655 51288 34227 58112 66213 53208 54022 45329 52258 59015 45640 41849 39823 46503 55873 50727 52120 
34189 54430 53427 43720 45120 30738 44098 57782 49206 43825 43727 45471 48696 37894 40524 29401 39110 50993 42188 40553 
