20724 22871 22720 17493 20074 28618 21941 21049 25069 19735 
28072 25168 22957 19548 19078 25212 26187 20656 24598 24975 
23712 29870 31924 15869 22969 27889 24328 27926 27145 30845 
17059 22865 20243 14215 18739 21131 19709 19209 19393 24161 
27603 35086 31488 21108 30575 37397 29442 30343 33019 33662 
24498 24978 28115 19216 26343 32941 25361 22785 31900 24125 
24173 26038 17857 18145 17700 27506 21831 19829 22451 19930 
12988 19634 13959 9514 18909 22425 14420 15012 19950 16586 
23991 27904 29503 24554 25911 33724 26142 23768 31182 26198 
24355 29670 25470 23775 22552 26053 24779 21735 21946 32183 
