36264 30421 33206 31661 37429 34018 45846 31479 33646 38017 
25351 20815 20882 26218 24223 19426 29448 21730 21529 25670 
25601 23499 26168 21636 31393 26359 32827 22388 21543 28519 
28631 21555 24856 24225 24789 18556 29018 23226 24120 20046 
28832 24768 24278 29178 24655 24446 34630 23855 30517 28206 
32502 23430 31556 28869 34659 28211 38432 31351 27929 33443 
30379 21052 24148 23198 22097 20424 34522 23972 29628 22213 
41150 27010 31397 31744 32908 26080 40158 32425 26934 32576 
36474 25167 35246 27886 33064 26730 41878 33277 28978 33151 
22512 19808 23851 21909 27161 22049 26963 20101 24077 22167 
