23253 27391 24203 30552 22404 18688 16194 28446 28602 17286 
25963 35041 28259 34671 29139 26532 24924 29141 31291 24705 
27029 28210 26245 31518 21617 18766 24494 27920 33375 16380 
24831 25515 19296 25697 28686 23754 17720 25852 31996 15214 
27102 24424 21578 27129 29183 26219 20593 23538 33392 17759 
26822 23016 17982 27121 24447 21862 18552 22947 30132 14833 
23587 20629 17294 24388 24876 24307 19741 17900 27908 16302 
29807 30563 22020 33333 26792 24545 20281 28417 31075 17031 
29017 36951 34634 36292 27386 21995 25472 35882 36421 22503 
30019 32700 24277 33646 27691 21444 17701 33599 35368 15565 
