16288 12564 18762 16774 20898 12698 20598 16036 8901 14115 
27076 20258 34217 30748 27567 21676 29974 28621 20977 22074 
23627 19289 30581 28374 22796 22164 24667 28335 22855 20366 
24212 25133 29496 33782 23278 17240 25483 29737 15656 20358 
21939 12756 28173 24202 25012 22996 31921 23852 15534 19900 
19376 15566 22526 26863 19582 14406 26648 22737 8093 13985 
13460 16292 19401 19769 15474 22816 28550 23355 15113 14650 
23813 22288 25457 28099 27757 20699 32338 25695 14451 16257 
15166 19506 22840 22249 17104 18452 26511 25138 11679 17918 
18669 13313 24669 19758 20737 22759 25034 20749 16534 18164 
