18071 23501 21232 21612 17875 17190 24045 10154 27066 22356 
18244 29301 28159 24340 22178 21311 29190 9461 32075 20689 
16759 29489 25961 25343 22059 24461 23362 12727 33030 22567 
13590 27307 27943 27145 22629 26503 21940 13373 31494 18341 
17791 33016 32825 32558 27961 32684 27555 15659 42216 24945 
17328 33794 28187 28328 24397 29280 23069 15091 36984 24166 
19383 34955 31193 30346 26573 29979 26876 14632 37660 24222 
18054 26299 23600 22646 21281 21999 25235 10391 37329 23248 
21459 30422 25948 24515 19956 21343 28997 9021 33678 23834 
17298 28954 24617 25061 22862 24987 25823 11768 33760 23296 
