50594 51532 41706 49218 49740 46848 49049 44024 44752 48051 47113 35765 32129 41137 45651 45349 34886 42623 51431 45628 
48580 44064 46523 45372 49884 57114 42839 43383 41813 48099 41795 39190 40282 31142 50076 47116 34539 42680 55706 42351 
64084 64705 51212 57414 62062 67126 61434 57756 49941 58861 60632 43258 50759 46596 63472 56108 45570 53294 75105 58228 
58274 50368 42595 42552 45243 48413 38815 46120 49790 41859 44473 35090 40802 29984 48021 49152 38581 42608 53046 48308 
69683 61759 51954 60268 55917 57851 57836 50592 52863 55625 56236 38647 44116 44257 54124 57452 45551 47345 65860 54888 
53039 52282 48675 45974 60222 48827 48697 44340 48686 44142 46182 40130 33607 34955 44994 47954 33602 38410 56651 48524 
54872 55551 47826 56875 52648 54282 49942 49121 48317 50403 46443 37034 38792 43465 56726 48087 40691 46629 55452 48846 
55195 51850 44456 41651 56650 54207 45265 51582 51201 43077 50818 38901 42049 34537 49989 50513 35112 48002 62910 47106 
45352 40566 36358 35807 44811 47043 40685 45122 40871 40236 36659 33011 40420 27159 50303 41744 35313 43021 52683 40166 
47583 46051 36329 44167 46472 37395 43637 40481 34130 48374 45456 34071 40774 33525 46029 45593 37522 45183 54903 46447 
52475 50866 44357 48928 57854 49900 52536 51560 49420 51256 49592 40524 47056 39591 56917 52380 42463 47350 63404 47576 
50866 45050 39463 40425 40847 40506 39769 46412 44788 42836 43117 32366 41289 31960 40501 50177 34959 39111 50649 40543 
62026 67318 54023 57343 63940 62242 59724 58977 63298 52015 59939 36828 59529 46984 58124 65469 50431 55214 73927 58454 
52261 46531 37947 39445 42480 47401 37731 41360 45451 31249 46953 25452 46366 31946 38826 51274 40318 38722 49610 46578 
64716 49037 50045 56240 56311 59277 49409 50149 56450 48863 53868 42029 42490 37503 57041 55680 45937 44227 55636 49718 
55872 49590 54123 46270 53058 57505 49531 48627 52227 47278 47265 41851 44689 35591 50993 57881 38923 39228 58349 46834 
52524 48839 43512 46000 53499 57228 44783 39615 42179 43051 50919 41780 31553 31641 43123 49597 35439 42089 57732 42724 
48029 41551 43124 39398 41804 50043 43107 34787 40169 43201 40704 34680 36515 27656 41425 47076 38641 40541 48913 41294 
59773 50283 51692 54365 51199 56151 45668 47515 56594 49445 47841 41087 39871 40996 50188 55847 43282 43181 51128 48012 
33784 40794 29779 27981 39860 36056 34512 36669 30646 22984 31589 22234 28546 23964 32342 35118 25697 28877 43342 29289 
