30720 44123 39288 32033 53798 45631 34176 50882 31997 45683 
17726 31335 22298 18026 29796 29143 21423 24995 20847 26136 
26856 41502 29573 22652 40427 38515 27006 32736 24137 37562 
22218 30877 30365 24565 40630 33089 26098 39849 24123 32385 
19389 27238 25864 18818 30204 28104 18531 27858 18226 25540 
21452 21151 26754 19696 32030 25171 19693 34805 18918 26931 
21509 33280 24918 23054 34932 30836 16524 31856 22212 36602 
10268 23186 27447 24115 32839 27126 16550 33578 17819 28177 
28168 40170 35980 26076 48326 41602 32367 45576 25715 39021 
18182 25970 21337 18468 35975 26918 22705 34712 20491 29630 
