30125 29147 32606 28781 30893 31218 23224 27416 29217 38664 
27795 26990 36105 24266 30032 34547 21586 32164 30170 41423 
30517 26551 27000 17285 31638 27876 23824 27315 23585 33262 
37357 32171 32430 20912 27873 33140 25242 31652 30129 38916 
29106 24118 20498 20631 25238 27138 15011 26057 26685 29753 
29522 30495 34490 26794 22441 27697 24095 21840 22910 36953 
26597 23407 23623 15404 29336 24110 22963 23195 22744 30454 
19219 19926 20650 14628 16642 15660 17134 13491 14725 25722 
28998 28063 34826 27283 32582 33822 22147 30493 24473 35177 
36558 38108 34375 24038 31605 28424 28440 32460 29188 47586 
