39826 30699 31829 27034 31994 20377 24544 27763 38453 29790 
29156 29847 27406 24549 28173 21166 25026 30022 35872 24017 
37741 25047 29264 25381 29727 15227 25403 21966 30448 26699 
28539 21950 24350 25061 21627 18411 22612 23698 24386 17150 
31895 25050 29233 19739 26038 22254 23263 28272 27797 17849 
22586 20618 16343 18665 21440 12747 15899 20020 25890 19510 
19245 19095 16772 16739 14971 16845 13948 18321 25044 15988 
32045 33011 31436 24501 28475 23955 24812 33301 36886 28038 
32020 26819 24471 17449 29489 18115 21663 28225 32326 27951 
36050 23764 29352 19732 30519 19946 25586 27797 29367 21301 
