51626 47570 34002 37192 34766 41961 36266 40676 42193 40789 27425 43078 54551 43675 41962 37612 44847 31822 42975 37157 
51280 44766 45556 37461 42043 37141 26447 46429 47725 40516 33159 44489 50734 34284 40428 29949 39668 36757 32698 46258 
55718 53309 48151 38412 40739 39728 42742 44141 45350 47983 26645 38972 58195 40085 42314 41147 45721 32810 43882 39233 
60538 50487 45122 41013 48073 45338 42588 55393 53760 46970 32533 50187 59644 41036 43453 38671 35865 36311 42294 49156 
59674 54844 53863 37760 42406 44716 35836 50318 41053 51936 28577 44468 57032 42778 46712 37678 48077 38577 49429 44221 
81043 66681 62838 48140 55506 59264 46195 57827 57319 64211 46593 60739 76207 54451 66425 45801 57107 48424 58088 58114 
74034 64161 56827 55021 57088 59461 40802 64060 59265 61052 41563 61938 70149 51994 55501 48215 64224 51586 57061 67128 
74483 68856 58011 35322 47509 51707 43749 52241 50527 63023 31797 49263 65662 45862 47526 45113 57975 47411 47866 52565 
72366 60544 48176 43494 55786 57458 50336 64767 67848 58821 43758 68383 69544 49062 58131 45446 51480 47968 44197 58270 
67947 63431 58260 42636 52108 48703 40230 63062 50215 54671 36930 55282 67589 42200 51402 46239 44769 39168 48808 53283 
42581 36251 33250 33035 34276 34981 26720 44530 43903 31945 25076 40905 38008 36415 38968 28072 38965 26794 32371 36331 
55250 46268 29436 34467 34361 40945 37877 43133 56723 35691 26406 47026 45562 39360 39003 29585 38551 36620 35266 44466 
69860 60676 54794 42311 50097 52963 38600 50520 61900 52888 36020 56366 61879 45219 49490 43783 59834 48058 45361 57032 
73406 68599 55032 45950 50691 62652 49510 57265 58487 64931 39601 61713 74185 57594 58679 46343 62588 54683 57906 56088 
62175 51800 51637 40142 51435 47706 35176 47954 51155 51350 32469 52024 57331 36220 36375 45727 45822 37778 40427 53096 
55819 54339 47327 37436 42594 47613 39474 45519 51527 51051 27796 49187 59475 42590 44815 36055 48665 40789 41475 45140 
55066 56055 43879 35244 42083 48697 33649 38769 43928 53998 33135 48830 57444 36813 43901 33265 48108 42024 41096 49729 
59023 54969 53543 32049 43056 43082 36016 49679 44999 48853 33933 45265 58032 36774 51518 39019 45485 35719 41043 42572 
52837 47572 45222 43350 35190 41128 36407 44831 46483 37940 25336 44982 49412 37031 50621 39292 47148 37728 46261 42216 
65914 63390 53475 41468 50796 52840 42277 52165 51403 61613 39620 50062 69737 46663 52913 36052 53454 47764 49358 54728 
