12043 12191 14672 18100 11419 21200 13254 16789 7752 11610 
20860 17667 16803 21161 16873 21257 15563 18622 10211 12728 
23462 21458 22043 25410 22014 27068 11940 21991 15881 15710 
27553 22393 23439 33185 24020 26360 22809 27267 15465 21049 
20200 18470 17400 25840 15633 18383 19493 23088 9289 17985 
25503 17134 19478 22973 25119 22035 11582 19795 14261 13229 
25490 19461 27620 34107 24007 26494 19579 22508 15315 22302 
31965 25497 24425 32730 30510 35519 22416 29206 19167 17067 
25646 22534 26425 34299 19655 26898 20354 26514 19393 25605 
28710 16021 22834 27509 22376 23761 17908 25976 16638 19586 
