38975 28207 30896 27816 42511 30069 39007 33766 36168 23519 
34706 27020 33992 31859 40696 28319 38405 32198 34549 31686 
30596 25053 25127 23082 30882 28199 34552 21460 28264 18215 
24681 21033 27100 21543 26853 23771 29645 20361 24432 24694 
34799 26372 39096 25125 33563 28106 37498 29275 35783 33233 
37875 30337 33301 31662 38910 30993 42649 27332 42939 26947 
25188 18914 21456 22217 31855 20921 28971 24298 27008 18632 
24222 21546 24674 20645 26284 20370 28608 18913 26270 20311 
39479 31218 33559 28397 38160 28856 35927 28464 37280 26777 
29869 23675 32775 22009 32656 22419 31736 25441 34008 28130 
