47572 51198 56083 46849 55126 40637 53716 58117 54701 60815 57866 48330 64537 66681 63762 51845 45757 59420 53292 56498 
44644 59942 58877 46411 66508 39547 51115 59521 59277 65561 65323 40045 67040 68628 60890 54309 43942 55376 44808 61867 
43627 56103 51297 54192 60709 50753 44389 57425 52247 57416 63901 41289 59396 66236 62356 44631 43621 56379 47115 57609 
36855 52012 47193 32460 49958 31518 42285 45683 51497 53073 48880 38691 53360 58297 44438 42116 36849 48472 34081 50005 
40492 51361 49122 37307 52116 42655 43162 48287 46834 40229 54133 38765 53237 46529 52772 38812 44714 31767 39118 44302 
41223 53662 53252 44673 49939 42770 44378 52437 47843 43807 53266 43278 55709 54622 60331 40560 42725 42025 43163 52727 
42395 62297 49903 48898 55834 35624 51652 45788 47280 53295 57339 41431 62646 53384 61003 51801 37273 41162 40894 42931 
41188 55900 54094 46999 53709 37489 51089 42519 45312 50921 54105 45128 61594 56404 63816 47314 42001 51323 42216 45838 
42339 60096 49748 39982 62000 42127 55076 51101 54614 46745 51765 40647 61864 58936 60954 45160 42881 43404 44550 57927 
44153 43758 54469 55169 58463 46307 52319 53859 52051 49648 56826 42063 58200 65665 57803 49150 49312 55090 53421 49761 
37478 46793 39363 41405 59741 35946 45430 42929 42849 47891 51888 27022 53188 55271 50083 41859 36090 40638 38751 45623 
42078 52638 54270 48273 52063 47766 56586 54449 49589 51426 56107 48786 60087 60179 59139 52441 49160 43665 52796 49970 
30521 39294 39769 28789 36554 36530 39453 43077 42556 37689 37236 36999 44122 49518 38843 34233 36628 39168 38085 41063 
39391 51530 48045 44709 58637 43263 48684 55252 49509 51704 54925 42094 56723 58532 50041 46989 44120 38529 48201 45953 
47990 56464 58650 48427 58959 42345 51572 55387 48707 53300 59608 42811 61011 61434 61054 52579 40739 47746 44422 60392 
27127 41758 40444 24345 40790 33528 35829 35252 38718 31449 39001 31035 44619 44765 43633 26518 36765 38123 27638 43527 
47817 53078 56123 40532 54045 45095 54557 53825 47486 47451 54598 48317 55619 61187 64704 46968 49404 48773 48839 46825 
43132 48594 53722 46914 61522 42878 50643 60671 55367 49465 55458 38429 52690 63695 54675 50249 45123 46990 49328 49260 
48318 56948 57816 43212 48631 40595 49134 53068 47310 50856 59278 43004 59009 56105 59200 49675 40317 48887 36813 55367 
45965 64258 58169 52618 65433 48926 61272 53406 55511 63169 66942 46232 73723 70677 66274 57251 48793 60604 48633 62162 
