53361 36483 45243 43813 41122 47112 51880 45923 32392 44622 40088 43979 42663 30748 48543 29671 48786 38085 31713 48767 
53964 50085 62002 48775 46145 54473 52106 56146 38208 55878 43152 55362 47632 41300 53913 43235 44747 49223 40248 42921 
59903 56332 58276 57269 58752 62914 67405 62638 45388 58340 50707 57563 49432 39256 56744 45548 60212 52265 43766 45991 
62742 47671 54925 61636 55681 46309 59264 60828 34066 48172 45304 48611 44465 29102 51387 37994 47021 48244 35172 50199 
64151 53964 67267 57959 52443 64623 67155 59762 41720 62510 53641 58286 55511 44449 61067 47895 59797 55606 50402 56141 
52390 49678 54529 51916 52411 54371 62826 52463 34183 51919 42708 52539 48531 35101 53203 40865 52820 46631 38821 40967 
66675 54927 61160 63569 54741 57384 71152 57639 38215 55361 49946 58301 54711 41998 59177 42703 54516 58277 37366 54643 
57796 43899 51920 49493 50268 51553 55558 50746 32821 54411 41866 49593 48175 33899 50667 43363 46195 46432 39949 43710 
47097 38474 43352 45554 39625 41881 55132 37163 34449 42248 41549 38803 37692 27547 41407 33451 39660 37025 29921 41267 
70137 55212 62887 69777 58126 59287 69786 66624 45112 61605 55250 66421 57116 42294 72316 44458 61435 59886 50117 59315 
57829 50743 58546 56685 50258 53600 64702 58713 39279 55856 47998 61052 50722 39438 58470 43227 57031 51171 38850 54266 
50650 45619 49877 55594 47258 48913 54166 60894 35178 46074 37783 52075 44323 34888 54262 34067 49180 46368 33253 49461 
64258 48516 61031 59156 51454 54473 61197 58210 40583 54414 56467 52347 52784 37980 54161 43732 48303 51736 44620 55422 
61882 44627 56343 53135 54830 57185 55286 60151 32625 53428 49527 45348 45013 28730 49001 42186 48031 49566 33177 46760 
49056 36666 46371 44369 44691 41690 49199 41897 28512 41914 36353 46705 43204 31414 41669 31458 42549 36783 29019 46104 
46648 40195 45137 42491 41774 44003 46538 41150 33517 46499 34335 44237 38806 30966 47068 34445 39559 40192 36094 36757 
56348 46396 47264 51975 51214 52882 56886 52821 34594 58190 44366 48968 48409 28634 51494 44021 53159 44993 36482 47714 
68889 52955 61920 66022 62850 58024 66988 70196 45009 63475 52917 61048 51597 37746 63745 45856 62063 54091 38006 58492 
66768 55580 65275 56811 57662 65673 68209 62018 43296 62666 55741 55852 53218 40211 59134 48556 60482 52297 43790 51486 
74177 55878 70233 68098 58953 63166 70667 70438 50179 61924 54984 67919 56793 49604 67613 46595 57910 58579 54419 62247 
