14305 10965 13329 20884 14822 6219 16760 19169 13239 14373 
33345 27572 26426 34026 33981 15881 27791 39349 26455 26112 
15738 11602 9521 16431 13288 5776 10516 14532 9236 12557 
36732 34749 30280 40627 39086 19144 35181 42203 31160 28919 
21669 16089 21182 25981 25022 10982 22386 28281 21817 15241 
29206 21687 21403 30583 30202 15320 21212 26544 21648 21774 
22027 22262 18624 21356 20923 11097 21000 24245 16350 18725 
40621 32303 30812 44246 40400 19945 34354 45910 34446 28217 
34642 32774 27280 38255 34646 15151 33906 40291 27941 25260 
29834 22688 21616 24137 24224 10287 19913 29823 17794 19899 
