60542 42574 41351 53123 41482 47762 66585 42111 49374 55782 50788 40693 63146 36216 44938 53074 47995 48267 36636 45640 
61341 44414 50368 50674 45133 47023 59906 39339 56641 51181 46824 37654 53173 32536 48534 51163 49358 43335 33043 46611 
59778 42516 43011 49761 43354 47124 61712 39884 55302 50063 46606 39733 55054 33794 45366 49117 52663 41699 35134 44597 
63879 48839 47051 58002 46484 52422 71203 45491 58994 57797 60111 45721 63474 45061 59031 47174 64888 47754 44809 59225 
40588 32127 29732 41839 25407 34814 48052 35061 30920 34389 29753 24277 44748 23043 38820 38243 34653 24052 31127 33805 
42759 32567 34903 43993 34427 35783 51833 35415 41361 35060 36966 29464 44795 27678 44684 38285 41895 30181 34409 37413 
56890 50064 47664 57928 40412 45041 71356 53869 49109 50007 53067 39414 59817 41304 55741 50291 56800 42055 46783 50603 
62649 47602 48961 50368 48863 46680 67590 49196 60182 57308 50489 42736 59282 33988 55658 57479 61545 39221 39054 51469 
45852 45687 46634 44814 42142 39805 63758 41533 40056 41088 38767 31139 50954 33830 48708 38580 47577 39765 36511 40863 
74088 56350 56494 61382 41393 50610 71732 50719 51991 57409 56670 40127 58440 52014 53813 62258 65160 52583 41744 56132 
60188 51713 47146 48413 41217 43519 55763 39392 49333 43735 43251 39261 58604 33469 50989 50543 53701 39949 35915 40275 
58556 41286 48518 44041 44055 46398 65421 37374 51198 46990 52153 33827 47050 39730 42660 45475 57541 41369 34390 50676 
62960 54919 49254 51559 48244 45443 70641 50608 55143 47194 47993 37489 52320 37409 51400 54079 63970 41131 37313 51990 
56099 42039 41850 48623 42638 41337 63010 44910 52759 48022 54329 40542 50936 36193 48897 48735 57864 36312 38405 45875 
72485 56532 58394 55863 50042 52514 73519 48854 60840 60022 57229 41450 62455 46640 59618 59812 70875 51655 44021 57408 
54417 37684 46266 42039 41075 41487 60853 38648 49465 44764 43475 29693 44024 44994 49621 46346 61493 37933 37750 47058 
60949 55179 52496 53570 53223 54795 75123 48308 58828 50668 48747 36344 61440 35069 52717 46547 55513 45201 42749 56091 
57016 43740 47888 46738 39702 42528 59166 40019 46821 48549 45776 31413 51260 40135 48475 48762 51326 43121 36260 48432 
60205 40664 51148 47295 42034 47153 63833 42202 54449 45469 49524 38128 51273 35059 45960 54047 53603 33475 35102 42242 
51886 44679 43126 43181 42295 41230 62606 47230 56858 49266 47689 43757 54290 36788 48204 47669 54785 43499 39860 52539 
