22667 22254 27800 20017 23608 24808 19484 18029 30726 17474 
29414 19972 31477 15892 30696 15525 18764 16930 25719 14493 
27784 24955 31336 23477 29595 29345 26654 22156 30133 21399 
30684 29619 39231 29089 34958 28871 25992 19416 34568 22613 
28833 32681 34752 22069 32957 29903 29276 22495 31356 19463 
36760 26161 38932 26805 38227 21636 23290 20743 32931 18587 
24148 26397 30470 22622 31924 21859 22897 19014 27645 16336 
20794 22250 25394 21947 23169 23476 21993 17376 25082 16746 
19123 25467 26834 17500 22211 25677 20893 15987 30210 17153 
25070 22448 32463 24694 31813 28954 23283 20402 28934 22559 
