59303 57253 60346 57831 52530 42727 41179 51219 40240 45562 43980 55792 46723 52723 45829 48977 42308 56056 58069 60564 
54393 51413 52172 47286 49554 34195 35869 55338 41344 37743 44194 50496 44816 47191 38118 43760 40047 48755 47601 51344 
52744 55626 59164 52498 50581 33079 37047 55701 43056 42482 42494 48960 44219 47081 41857 43148 43134 46837 46724 57601 
51802 57243 53649 52052 50059 38553 32483 50003 38185 41957 43734 48247 44743 47109 37336 46485 37015 52453 51623 60587 
56688 60197 57641 55711 49083 40610 45401 54609 43916 42534 46948 56125 43267 47633 46806 47469 38688 58043 51808 62332 
59934 61226 66795 59712 51193 47618 48304 52172 43480 45562 48378 55722 47033 55400 41141 50184 44603 58226 57789 54693 
57682 53533 60085 52284 52951 27880 40247 58645 37826 40708 41632 53417 38247 42720 37086 38328 38322 44381 42481 61205 
60370 59569 65872 53592 57563 37410 40819 60721 39283 50563 45472 49705 44737 52308 42548 43738 54167 51067 53804 61318 
41683 36449 49280 39342 44539 21229 30093 41734 30763 34014 40548 38260 33734 37872 26748 34713 26496 33345 32861 46150 
58398 57767 63847 57850 50777 36825 46826 49968 42846 44523 50306 54083 51116 49492 51768 49847 41073 57226 50650 66052 
49970 51253 56373 49398 49688 36435 37417 42617 31208 43313 43366 49464 37713 55115 38222 43228 34287 51173 50882 58989 
67370 72313 72535 59223 59715 44312 45232 65523 48284 51632 59332 64418 56241 60766 44660 57331 54342 63060 65134 69156 
50017 48768 52765 50187 46636 30543 33196 51506 41992 43241 45795 46162 42985 41622 41539 45003 34644 40664 42244 53117 
58875 57284 69940 55995 53521 46338 52010 52566 45510 51853 55992 53697 56500 53377 47801 59160 48187 59290 61377 59648 
62217 62202 64229 52992 58901 36265 40202 63278 43475 44119 50022 58666 45208 61174 43322 48360 49066 50737 57685 64033 
49553 55673 51998 50182 47474 33276 35779 49886 44735 39269 41301 48022 50390 44920 46964 47430 41981 45852 49433 55457 
57572 64852 59613 62186 56745 38370 47752 53334 40727 52386 56874 56994 50021 49779 50132 55284 43240 52012 59480 66598 
49546 52608 54437 47369 51445 25096 42753 51839 36556 41056 44387 48335 39566 41012 36752 39965 40425 39251 45080 52553 
48441 46059 56702 48889 44213 33948 44591 46500 36064 43761 45777 45627 41669 44096 36213 44749 37627 38794 43551 43243 
60256 71055 63898 63871 59898 42035 46628 59425 52906 53305 60922 63107 53014 54542 52178 56128 47442 63124 62289 68113 
