30868 23013 21473 28473 24907 19510 24184 24509 28837 25980 
29763 24989 23329 28372 23847 14628 21633 23085 27856 23200 
23984 26308 23511 24388 29579 19197 12931 23477 28439 21307 
16964 18693 12536 17653 14504 13074 12552 10670 19058 11353 
40788 34728 38078 39445 37664 22089 28962 34371 40508 31931 
35799 30421 27465 32224 34951 21022 22891 25787 34354 26099 
20579 20242 18713 21710 22125 15202 13488 15596 22034 16793 
22662 16377 20989 25226 14520 11261 20627 15590 19775 17583 
22652 23662 20428 25303 22342 18041 16020 17037 26228 19508 
32515 31139 29504 32487 30811 24031 22774 28603 34445 23139 
