26417 17313 24122 22943 29204 21808 21261 17005 14666 17348 
24904 13518 21749 19252 21817 21313 23251 16689 20465 18134 
23241 19413 25113 19929 23197 21173 21849 15108 13938 17209 
28108 22494 29303 23069 27884 27048 23142 20271 17979 22393 
26455 17620 26428 23056 26845 18931 21694 17312 20624 21275 
34993 19003 31246 25622 32956 31358 34037 21823 22451 22108 
24588 16743 29864 16095 21079 25474 28612 15641 19396 19265 
37439 23848 37536 29717 38172 36764 33163 25875 27756 29588 
17039 14608 24084 16931 20265 16332 21080 12310 18134 13750 
29993 20485 36455 23731 29659 27854 33653 19621 25771 21852 
