39881 43672 21015 34013 43714 26991 25838 33053 34398 23432 
26565 33935 17855 24853 27288 19272 17556 22499 22163 17595 
19056 27118 11939 19542 27725 16820 16700 17723 18345 16276 
32344 38917 18000 28910 34444 22984 22573 26384 26389 18356 
25019 33655 16180 23764 31431 11568 24354 20235 29771 14702 
22049 26732 8912 21380 25753 12665 15804 17914 19447 13483 
30403 35738 15516 29306 34513 18429 20278 24281 29399 17856 
27632 31788 15627 24689 31194 22606 14811 24625 23839 20736 
26755 35084 22047 24743 31213 17681 19831 21972 27848 21362 
30707 30941 13925 25454 31664 20622 17345 25133 27073 17543 
