14361 14572 12190 18354 14846 11907 14977 10565 18674 18289 
18715 19024 14730 25677 25170 21806 20005 14244 29250 25585 
28801 26058 23462 35103 32363 29565 31636 24866 41334 31319 
22358 24423 25950 25405 29305 22639 30604 19710 33496 29584 
18493 11063 10007 26783 20216 15811 19531 11738 23016 16939 
21658 21176 18895 21073 21175 16187 24355 15564 24945 22841 
21942 21984 11206 23225 22162 14755 17309 14739 22552 21842 
19268 18032 14916 23414 21833 18140 19627 17502 26972 20107 
21454 24254 21187 23810 26200 17433 26921 14691 23370 27405 
23545 19001 19925 26900 22544 15017 27951 12638 22375 24011 
