26249 31262 41480 35085 35575 36766 31534 30713 40378 27508 
24020 21034 24693 25747 26277 23194 19422 20329 27011 18514 
26926 26418 33584 28719 25407 30006 23780 26026 33996 23050 
27608 27918 33018 26274 30355 27089 24922 25402 33845 20151 
26122 23030 28113 30110 25275 27356 21369 22931 37201 24083 
22397 20417 26372 21300 21352 24717 20154 22771 27529 13837 
23303 18993 24295 25397 25313 18194 13551 16480 26370 17407 
23665 21308 24947 18138 20575 20293 22366 21464 24958 16533 
23728 25974 29244 27298 23336 26978 22897 23396 31154 18902 
37394 34912 43250 39432 38399 37951 29974 32840 47642 31542 
