32204 38541 34169 36851 36053 27641 39748 40235 42854 45073 37818 30901 47352 46018 32549 34356 32063 38739 32793 44176 
43864 54932 53198 43050 52342 38804 47476 47298 52749 49106 50498 45425 55576 40470 47887 51265 43440 53363 47403 53570 
52477 59477 52824 43145 53903 34822 47386 49988 52258 45931 41366 42370 52721 50550 50234 45076 41020 52470 50273 59079 
50270 53369 47792 42014 47875 33961 40962 45878 46893 49301 37628 36430 49654 47178 45603 38922 41671 42606 47127 55221 
61536 70810 58057 55538 62221 43421 52698 56565 65645 59894 56709 48324 69675 54333 53711 53396 52329 67023 63255 66888 
61971 61824 56225 54247 59539 45175 55295 55343 63988 49587 54612 48969 62454 49930 49072 52238 55091 55567 47024 56974 
48562 49469 45897 45606 50724 39851 46147 48718 56148 51931 50559 42625 58789 47497 42777 47108 44138 44140 41800 56166 
58619 72923 51698 50077 60889 47738 51343 58546 62218 55919 55158 57166 65801 58804 49403 50573 52859 56313 63985 63571 
61204 58292 48643 52561 55079 45102 48883 50720 59777 49261 54944 40926 58154 53452 54489 43423 45208 47454 52364 62956 
42196 56736 43699 43751 50782 39663 46205 50053 49444 47095 47547 40513 54276 54059 41031 40748 44125 47344 47046 48345 
37104 45460 44156 35060 38830 28365 42759 37224 39562 40778 34106 36764 42508 40949 42644 36509 33797 40863 39643 50754 
65942 76470 57544 58820 73006 53703 56381 63573 76501 63597 68030 63006 76880 57614 54603 62126 61428 61490 70487 66688 
50415 45382 42438 42200 44153 33486 41750 39493 47047 42636 42658 35159 49333 35508 36693 39861 40094 45137 41775 47404 
49093 57716 44989 41778 52011 39236 50102 42742 54614 49068 40821 40980 59741 48166 45139 48761 42641 42754 45380 55061 
56729 57812 44675 43462 48616 40490 43961 43694 46656 45773 40815 44165 50695 45646 35140 42259 43388 44798 52295 48267 
43383 48384 41090 38313 46695 38906 44198 39765 37973 35528 42712 38382 49308 38230 32693 41931 35569 44295 40288 47514 
56872 68198 54143 55324 59402 46605 49527 65007 55740 59701 55885 49888 66437 59411 49855 49113 54651 62435 64578 70924 
72140 70158 61720 63682 69530 51595 63583 68502 66876 65196 62237 57020 71445 71483 49581 54119 59864 60458 60711 70607 
52242 51641 42442 45399 49078 37911 44573 45831 54648 46935 45316 40920 56706 46073 34804 42306 43630 48308 44289 51827 
47522 55017 39637 47556 54199 45124 43027 47404 44522 46183 48216 40411 54234 45878 31627 40486 46252 41195 51912 45726 
