22890 30747 30195 31270 37114 25152 24213 32356 28958 31234 
28017 32173 29333 29860 36378 28573 23308 33528 26916 35033 
27907 30598 27593 32139 33127 26385 18837 32400 25337 23058 
17330 14053 16849 18526 21043 16188 11445 18719 12683 15852 
20361 17414 16690 21303 23011 19851 10694 20347 15049 16275 
22114 29317 25799 28051 30900 20745 22429 28190 26443 23579 
22954 22287 27727 24169 31596 28467 18622 32706 21759 28460 
19879 21336 24361 22701 25051 22452 16566 27244 20006 25227 
29944 28741 29952 29834 30945 30696 18276 38846 25129 26752 
17882 30394 21733 23762 25651 19069 18751 29678 27526 24597 
