31923 43959 27441 34012 38220 28233 28764 28836 22406 17026 
27107 29722 25782 29691 25822 17112 21218 20193 19564 12583 
32487 41626 28807 38247 37913 30960 24100 28998 24263 17546 
17955 23948 16942 17567 24353 20118 11983 20558 13081 9993 
35952 46189 33772 34933 39409 30503 29254 33364 27003 20771 
26787 37312 25410 25587 30619 25387 22546 27598 22208 18896 
20763 23318 18258 21301 21766 16719 16608 20423 15051 13978 
23485 23317 26996 25546 26997 16834 16736 30369 18646 14701 
29756 38783 31401 30912 34586 26663 25294 33714 24648 21351 
20408 26546 21150 21399 24000 21640 16156 23088 15522 15866 
