32212 16040 23666 25768 25933 25663 25980 20468 25787 28575 
32715 16186 24280 27170 29433 24723 30125 29284 26710 33319 
26824 14973 23534 28000 27662 19962 20375 19629 25790 22529 
26482 12456 21134 22958 22631 19088 22934 17486 20127 23811 
27716 13091 18438 27449 26437 16782 28124 26112 25235 28510 
22009 10076 16754 18251 21175 14630 19334 16108 18808 20319 
28898 14163 18723 22000 22960 22638 25788 20923 19044 28952 
33126 16441 23316 32142 28025 22617 26579 21564 25491 28040 
24255 9943 10663 20461 17465 16632 16109 15723 15395 17935 
30940 13795 16313 24291 23326 22917 23725 22907 27468 25798 
