20039 20797 16211 32960 22418 28497 12644 23909 23762 27375 
18029 23666 24678 34801 34108 24937 18188 33010 34244 30970 
18791 13144 17220 20931 21971 16300 16028 17877 19389 24309 
20913 19653 18179 27248 30100 26596 18583 21887 26615 26821 
15393 23298 19343 25197 20110 18336 15057 25461 19960 26164 
17610 18732 18452 29812 27253 22201 10771 24702 29666 27556 
24356 20671 21590 28565 32740 26543 20675 24981 28050 32146 
20371 17550 24577 25717 35768 27859 18643 29848 30595 29895 
13776 15304 12378 24193 18787 20084 13684 19887 18542 18040 
9419 14003 15373 16227 14894 12017 6603 16666 15523 19243 
