66835 56664 55776 61632 60211 54452 60887 71320 50601 48721 45855 54878 54530 53710 47609 62867 51998 55406 63228 61241 
62000 46890 52313 51284 57362 59544 61735 64098 50220 45486 53644 44298 55723 42021 45498 55656 53168 51171 58756 57222 
55882 46103 56170 47873 54435 45096 54693 56934 40616 47006 38907 45398 47681 40790 41385 52928 44477 43358 57635 45447 
58798 52393 66949 61172 59264 62389 53746 75935 60806 46745 58558 52252 60116 46390 58384 61674 54177 63055 62694 63549 
56681 49685 60821 49626 54800 52363 58217 58218 31544 51834 42044 43819 44742 45193 46403 59416 46614 52865 55005 49284 
59177 43748 63542 54331 57716 49480 54130 62373 49435 48028 49621 45012 54332 43689 47413 60752 48632 51855 57677 55978 
49497 37606 49345 42070 43955 44986 43301 50697 37934 39270 45821 37992 45499 40095 40928 47162 35977 50372 42803 51213 
64002 48871 53293 49907 55881 49835 52010 62206 40898 49828 44064 45342 48463 47042 42947 62236 48192 56251 55983 52358 
43567 35082 47828 37713 45870 43734 44790 48521 30865 37881 42055 32318 33433 35717 41217 51390 41622 39903 43675 41852 
58149 48894 47438 49324 51266 52407 45678 63839 44867 43061 45268 45532 48086 42681 43673 55563 46759 53630 54803 51291 
68535 53628 60538 60060 67713 61954 66118 73558 59610 48092 55488 52350 60207 44109 59917 70392 53619 50180 65815 64100 
61249 46516 51462 49915 54047 47237 51084 59202 39621 41099 40906 37953 42765 45245 45469 53325 46864 48246 46494 54892 
65749 48868 61706 60182 63106 57174 58166 67214 42853 54734 48143 51178 52157 45424 47304 62978 53704 51627 60812 54673 
54030 40633 53440 51419 53443 45894 47414 53879 35517 42772 38899 46162 45114 42182 39839 57262 42632 47502 51231 42683 
48304 39594 46689 38926 42235 45095 44691 52925 45548 37975 47066 35392 48016 34084 39739 47456 35120 50577 41478 55918 
59865 42778 56584 53239 54671 53941 52646 62719 42129 48131 51065 48466 52880 42525 44133 55797 45639 53867 53893 56203 
59892 49517 58277 56592 60515 52993 51926 63528 40634 44695 41596 42175 48223 49063 40147 54901 46851 54487 52772 54882 
66319 54849 66755 64208 56805 61771 61818 69690 49585 53262 57031 45989 57210 54258 56422 67979 55373 63668 61243 65031 
80703 60038 68762 59206 75049 60198 69144 77079 54514 54834 57125 48845 58646 60714 53520 70318 61799 60520 67640 67780 
66773 47673 54220 54472 60422 55008 51115 65316 44130 53467 49729 53924 56655 45886 40471 59740 49291 56622 59664 53197 
