16325 24820 10397 22797 19787 12915 19605 15394 11751 21447 
17463 31122 14181 24273 26279 16877 18785 15512 16159 24033 
25408 41859 20746 36028 34376 26049 25587 25117 23737 35964 
29464 41342 31566 39879 38380 26983 28116 29865 33392 42377 
20371 29122 19217 33619 27355 21758 19895 23355 20141 29560 
15419 23841 16310 23445 23071 18623 12859 17066 19007 26059 
8516 19111 12944 17743 18768 11488 16221 12175 15493 17060 
21118 39013 21386 35564 36075 24973 25836 25473 24688 33449 
23998 42641 23418 35112 40227 25016 27375 26197 26112 36509 
23042 32043 18086 27788 27074 16141 21670 17771 21018 31915 
