15411 17451 17775 13389 19958 22547 16772 21493 17635 26715 
14481 17506 17038 12176 17130 20362 15900 23793 17433 28159 
22549 21144 20877 15106 23332 24584 21422 22050 20697 32053 
21016 23010 15931 17840 21694 28778 22511 29715 20457 32624 
18865 24975 23967 13471 18816 24349 26684 24537 22401 34359 
18893 21762 23919 12398 16298 25003 24364 20294 21386 33502 
25005 28703 37226 18733 30237 36567 32235 29284 33441 46991 
21908 24043 18929 15518 27768 25307 20998 29562 23406 36598 
18038 26899 23700 19251 23420 29297 29881 35146 30383 37742 
24062 26837 27778 21746 24792 26969 28084 26460 27192 36527 
