32888 33211 25462 21830 28493 24560 23586 26206 31302 32433 
23607 30821 24438 17046 21224 15059 18263 27111 16889 24623 
23001 26015 22871 13428 19015 16593 19120 20421 20765 22612 
39588 42493 37746 26844 34583 27643 30554 39227 36262 40396 
31887 29198 25551 23900 28837 23094 24366 29664 29571 32484 
31683 29000 21242 23814 27960 22570 22661 29936 30013 29741 
33806 28562 27172 25522 24812 24774 21859 25949 30638 33897 
19082 19521 16786 15788 17536 14297 12688 18555 21288 22633 
32437 35782 33210 24865 31838 23357 24453 30050 26973 35599 
24112 29679 22078 23513 22945 20084 24727 23249 29903 25801 
