34787 16698 42678 32328 40280 28471 30952 30877 25469 34213 
40065 15027 48957 39058 40451 36279 35746 36162 31963 39049 
36075 14509 40590 36009 30467 25559 27951 30460 21306 26066 
24406 11512 30493 24619 27978 16976 18403 21797 16557 23501 
23482 13996 29273 20976 25354 17651 22031 20671 17634 23618 
39614 16639 47591 37093 35705 37451 39001 34145 30254 36828 
40970 19862 44287 37216 34199 34462 34475 32429 28593 32822 
27900 8891 32180 28047 24547 29502 24648 27452 22400 25906 
26747 17113 31700 21936 27586 23234 26562 22180 20894 28353 
25074 12999 28245 22747 24644 26064 25486 20366 21263 23677 
