23437 21210 20217 27423 21596 27843 30260 29201 21513 18369 
23751 15707 26876 15065 22566 28353 16945 23140 17373 8738 
21872 20936 16474 16457 24425 21840 17944 25235 18399 11802 
22412 16731 20023 18173 21021 23068 21541 20641 19872 15032 
13827 13623 15314 14678 13709 18014 15441 20534 12281 6441 
24037 22902 20787 28873 17024 26548 30547 30814 20537 15297 
26545 23283 22086 19736 25973 26767 18312 24208 22067 14055 
37124 29993 28675 35053 28785 38870 37165 39920 35359 24022 
26570 24364 17856 26658 25423 31504 27954 35489 24664 18473 
22885 22267 27207 25626 23272 33348 29585 30383 20861 13871 
