23401 38883 23418 23940 38498 31764 31195 22424 27329 24426 
26489 31860 22206 24358 36379 33403 30051 22651 23831 20448 
27547 37047 28432 24305 40540 36944 36751 30395 24315 25604 
17631 26465 19184 15901 26832 25253 25897 15164 16283 14303 
24188 40633 26708 26446 37081 30733 33404 21605 23127 24105 
13551 22620 16880 10186 20623 18637 21198 14097 12349 11159 
18454 37222 22748 21310 32628 26368 28237 23393 23704 20013 
16120 26465 22535 15183 24259 21748 25519 14995 11174 15467 
22396 30225 21449 17972 34067 30491 28993 25275 21082 24402 
21012 30858 21489 16901 31505 27919 28807 23475 19120 21469 
