57410 44089 58045 56672 51977 51259 50707 36952 57022 69349 47367 40258 55798 65105 53616 58126 52133 52147 58635 44499 
53485 51625 54105 55595 60612 42274 41709 38198 57047 55621 50695 55874 47814 64116 50049 52099 45275 55095 56255 42530 
54444 41765 51672 49057 47699 44952 39784 38174 57757 67651 39765 42421 39844 54339 38696 48093 44993 50027 52063 44374 
53976 44769 58123 61824 53713 51475 48509 39035 60377 60362 50629 49358 58782 70918 52886 61053 53366 50523 61844 38324 
59302 46495 65477 59774 63285 44709 48866 40380 57745 62573 52734 51099 59731 69251 54268 64533 56101 52873 63653 44478 
54130 45968 59691 56919 45453 42268 53555 43551 51395 57356 45148 43445 47908 61435 43910 55331 51261 53795 57190 44059 
54784 41760 48080 47320 52001 43324 36739 37935 51138 60046 42502 47998 45547 57923 46716 46499 41826 44359 49398 36905 
42712 36614 43142 47524 42745 32653 34377 31487 49218 44786 39776 40030 47418 49346 41191 43021 43761 44978 51728 29749 
61355 48079 53211 54760 45957 45244 31982 35697 57886 57736 50183 48155 48706 64058 45016 43853 47171 51201 55573 38532 
51578 43435 53817 50388 55470 37896 46607 42887 55640 58265 40959 48512 42559 57676 38798 48372 49281 55356 52893 44872 
60214 51371 60967 62572 44960 46334 45425 39900 59041 58384 52703 48326 50641 64175 40839 53043 53341 53942 56845 35518 
60754 53652 60111 61857 62615 55351 54760 53109 72334 67512 46968 63418 53502 68518 55788 56593 61641 62530 63611 51133 
41706 34485 44883 40539 40277 38341 38723 30025 46742 45844 36786 38379 37767 47914 36724 49193 42633 47774 40739 37892 
47856 38964 48665 51665 48088 43732 47491 33806 52372 63298 44090 36329 46867 58534 47514 50616 49250 49282 57163 36659 
58148 53691 63634 53489 60337 43864 54205 47129 59294 64159 49833 54350 51088 62928 46606 56475 57703 55155 58455 47907 
54742 54345 53291 59217 53843 43691 47105 39193 54709 58410 50456 49553 47981 58106 43766 50859 44581 51522 52229 38570 
43885 45968 45835 55267 52687 37272 42749 33790 55224 48833 39352 43286 49925 51266 41144 46186 48768 49370 43490 38522 
57380 50587 52327 56083 60905 45685 36012 36533 61210 59705 49671 53397 50579 62310 52616 47628 51682 47670 52893 38921 
52916 44981 42088 54959 49253 40707 36418 33497 51756 54027 50094 45198 47319 61783 45905 44749 45023 49032 51784 31812 
56176 51292 58940 62821 56350 49096 52201 43634 65883 63012 48523 50445 54481 66389 48463 55528 57455 53231 61714 42728 
