48975 38475 47026 36969 43380 47818 45763 45915 45026 47653 52643 44410 35406 39618 49876 48033 62044 51634 43099 44976 
39186 37981 46840 53035 56061 48268 51875 61093 51884 57661 50554 55175 36968 33885 58117 48527 57778 53779 47306 53225 
42745 41350 42813 47375 43738 46283 47838 53972 42892 46682 46991 54043 26557 32327 40059 51408 53277 64739 46793 43647 
43622 47488 53266 42453 50039 45192 47277 54870 49180 56523 49181 47992 36423 38596 41475 53625 58929 58843 50831 45337 
44267 51765 47497 38065 51653 49272 49859 59139 52062 59200 54363 53761 39018 37018 41675 46804 63665 56946 49499 46513 
41087 44540 52003 41263 48927 52753 47528 60919 49565 59771 55527 43491 35637 36581 47666 49474 65802 53655 43045 50363 
55713 62550 59547 45434 60511 60428 63871 68286 66186 69604 68148 61367 45710 49035 56463 60651 76837 64777 58737 59969 
46558 49654 57419 48225 54469 54417 64241 62353 59521 66237 65527 54249 36865 39064 48405 59763 67766 58655 51974 52261 
30776 26301 32953 33056 30624 31379 35066 38768 30620 32948 35397 39990 21062 22352 29182 34445 43166 36075 36533 26637 
41421 45674 37905 30384 50241 43568 47158 46999 52392 60130 46864 40222 38257 38544 43496 47810 59154 45013 39117 45484 
47728 57463 57317 48731 60046 57590 66407 71460 64098 72027 68033 65830 42737 44605 52965 54574 74134 56876 56532 53007 
47724 43009 52075 44879 43727 49545 47776 61633 51090 50853 59665 51774 32424 42564 47723 49031 63246 62875 48679 48409 
48647 44231 46007 46471 48706 44802 49318 50177 46028 45013 53706 53406 37274 40601 48269 56097 56152 57597 48303 45045 
36096 34102 35947 40469 40868 35385 44543 42971 44793 48016 42435 42770 27236 31969 40930 39408 47640 42651 38840 37430 
38072 34450 34837 37744 47547 39887 43268 50635 45599 49163 46190 45305 33415 33546 50588 44912 55086 39760 37686 44591 
43160 47479 45431 39723 44619 47025 51325 57934 49437 53675 57105 51196 32396 41026 39401 48570 60200 56396 43656 44099 
38204 42202 43352 46289 51731 49038 52300 53101 45432 50870 48533 50175 29789 27634 46688 58137 52189 51939 44964 48911 
31291 30753 32680 25729 34420 34592 31778 32239 31037 32733 40244 34873 24718 25236 34332 29308 44332 34431 32283 32845 
53554 52337 53064 48152 54476 54064 56593 61999 53644 62722 58475 56589 43088 44853 57137 56332 69617 63057 49452 53828 
51213 56397 63094 50998 54083 49990 58170 66396 63893 62050 62681 58105 44194 49390 53669 54442 69059 65861 57706 53658 
