15122 18735 23570 21773 20071 17985 12169 13037 10511 24422 
16296 24221 28925 27437 30115 21087 23203 22643 21426 26792 
16955 23540 28938 23340 28366 24444 21735 20598 19414 28689 
16299 24187 25869 24364 28077 24579 22783 17941 19051 29220 
6508 9826 16176 14408 13328 10416 8724 7650 4290 17564 
25000 24885 33387 30626 31833 32870 24871 15231 21811 33772 
26740 19538 34812 37784 31774 33876 26658 20589 21034 32918 
17721 23898 34349 31182 33402 22647 24398 16969 14768 38180 
22984 24474 26657 30004 31006 28882 25907 22379 21172 31077 
17357 17903 20723 20153 21552 21930 17242 14696 14250 24624 
