26105 11614 30134 24180 32311 30701 34069 26868 22571 31066 
23831 10347 23996 18396 28166 26843 32607 22980 18140 25663 
25674 9881 26462 25469 29873 26567 27199 24564 20831 29544 
29066 12119 24437 20676 28187 29352 27844 23259 24911 25717 
32083 11154 33058 23098 36614 29247 32866 28381 22787 34378 
20358 9701 22325 22705 22351 25399 29387 24049 18317 26013 
12620 6496 11541 17175 15252 14610 21263 16814 8793 21945 
26855 11985 32611 25578 36629 30571 36526 27834 27154 38603 
19850 7282 15342 11762 19640 14476 22268 16047 14717 20933 
24520 8863 23392 13771 23572 20417 23691 20546 19121 26405 
