26041 21539 27114 29008 31265 19288 27826 19192 24729 19551 
15926 13948 22110 28222 13744 10986 17072 16802 14377 11592 
24526 22835 33036 31747 31341 22136 28676 23559 28887 18899 
25340 22733 31668 38877 31475 26523 25863 24506 25858 21867 
16840 19015 30997 33185 25275 22530 23480 22359 21102 13571 
18672 18764 25923 30083 22790 20994 22078 18111 20392 16175 
11212 8138 12312 16399 12254 9412 12146 7339 7823 9965 
20432 17067 24685 30078 19127 22204 17484 20445 23219 14851 
34969 26709 41624 42849 38691 31349 35471 29642 33052 25318 
23064 15029 18854 21948 22787 14345 19497 13969 18920 17324 
