24522 11351 18081 23526 19799 22264 24928 29109 18312 19278 
20393 12383 28104 29029 21017 24359 27337 24030 14005 17218 
24338 12933 27136 29045 23444 23995 27980 27954 16471 19585 
21145 9699 16089 22802 23664 22264 20971 27104 20702 17258 
26183 16040 24814 31028 25002 25084 22276 32993 19331 20436 
26752 14931 22167 28233 26174 28634 26016 32971 22039 21133 
24140 8849 19944 18994 23384 19270 16862 22009 18123 20767 
36038 21090 37463 41726 35867 35802 36477 43646 26874 31920 
25981 17471 29416 38040 26448 33966 30209 33707 17890 23647 
24900 10650 22998 27281 22718 23502 19672 23907 15661 24672 
