27465 19035 36046 22144 15424 23080 19842 19730 19136 23625 
21287 23640 29099 24889 15795 32390 20348 24862 25257 17467 
38329 32849 42647 31251 28050 36439 30750 33977 31888 28625 
29722 22897 32564 25970 14710 27150 18800 22539 22281 16315 
29221 27171 34370 24030 18493 30562 24290 28675 28249 23446 
35145 29293 34556 25005 24431 28755 26431 27826 27213 22332 
27658 25255 31851 19320 23671 27659 26844 23978 26980 24711 
38632 33394 40265 27200 25862 33635 24180 27987 28389 24273 
24736 20081 26747 19161 18745 24125 23187 17743 19721 16968 
31894 26802 36570 25734 22937 27910 20717 22371 26146 19842 
