24852 29491 25279 26514 22324 37320 26334 38767 38208 19057 
17009 24402 25167 20698 14595 29126 21689 34703 32189 16302 
21693 25141 27342 26693 20388 23604 23031 28891 29917 16198 
30780 35258 28786 34568 21480 32322 26393 43849 36049 20820 
22558 31186 37145 27433 19389 32263 23808 35162 29559 15355 
15779 24864 23169 17326 19371 20208 19079 19391 22640 13108 
23191 26400 23398 33230 20854 28413 27080 37321 38674 20392 
22821 35284 32702 27033 20386 37933 26946 35412 38318 18598 
16553 15761 13683 23365 10344 20090 17075 19079 21394 9238 
20996 23549 23335 19643 15843 26330 21068 31854 28727 15018 
