10974 18842 14852 22780 19237 12978 15696 14545 16767 17626 
27815 29181 24888 32522 21152 18032 16763 20239 23435 26575 
25794 38174 29190 38966 34266 24105 21954 23085 26413 31627 
27678 28546 27522 32216 21903 17612 14493 18950 23478 24447 
25376 35878 21899 29906 29079 24517 21125 21269 26658 32022 
19763 25271 16016 20186 21446 16585 11814 12144 20220 25494 
16492 18630 15801 21089 16147 12847 11440 10396 19035 20935 
20124 20695 19760 20209 15282 18568 11367 12058 22138 24331 
36050 43378 41677 46402 36595 30864 25064 32178 37573 36318 
27101 33555 30632 39150 29555 22530 19987 21617 30432 29837 
