16164 16131 34939 21856 30519 28837 26769 29484 24448 27675 
19473 18199 23428 10593 16205 20745 16527 20957 18786 18874 
18011 24973 26626 17283 27652 22886 24151 28327 24423 14502 
20783 24191 23629 16367 24168 24840 19716 26518 24186 17990 
33317 31480 43766 29339 36899 41294 35612 41006 37115 35173 
21505 19767 36735 25251 34553 33580 29124 33431 27986 33704 
18815 22900 27610 14275 27502 25571 25463 27786 26839 27922 
18774 22450 27071 14551 28855 26565 23379 31872 28602 25648 
13704 14159 21286 12404 23588 18923 16981 22012 21816 22602 
26653 20810 31767 20683 22032 28583 21584 29279 24770 27491 
