28417 25547 27611 20689 31775 21890 15107 26681 32529 23159 
31903 25756 22072 21305 26413 22172 23544 25517 27116 24232 
25529 20029 16832 22272 20698 18877 16841 20890 27705 17923 
32210 24132 26253 28129 33545 32373 19961 34081 39003 22466 
31286 30298 18477 17741 22887 19839 19624 24977 27434 19454 
27066 24736 19878 19975 26494 18787 20637 21203 24621 22846 
26359 24194 21914 18043 28640 23888 17176 25254 26436 18877 
28425 29596 23851 18614 29035 21974 19231 24191 27918 21153 
32489 27715 23857 23767 32222 28388 19852 32664 35598 22548 
29892 27862 24095 20042 32048 26928 18339 26107 29315 18098 
