28371 25960 18410 23290 20067 12657 16020 22852 15317 18175 
36193 31632 22344 26079 24443 20608 24877 29183 14361 20793 
29991 27773 21673 28232 18863 15446 15586 18272 17778 17488 
24501 21123 20132 29510 25054 15863 10456 21299 16948 18951 
43518 36365 30175 39130 31850 20555 20844 32751 28953 32570 
26440 21181 15841 21040 18254 12883 11994 20704 13178 18597 
30929 28325 13750 29159 23304 14434 15549 26618 20300 20971 
37761 26650 25768 34532 28601 23283 22931 28957 17028 23916 
30892 30442 23528 23587 23650 20334 22070 30648 18351 25014 
21720 21541 16837 21767 17100 11463 14474 18935 15632 16274 
