17875 21839 12431 19031 15788 20647 18202 19231 14365 18580 
33787 33843 24872 30281 30560 35955 33465 31863 28286 30529 
28965 39387 25762 35673 33795 35732 30226 32579 24767 30420 
22697 30605 22630 24036 20206 26592 23809 23057 23521 22124 
32116 32238 27159 26635 29738 35775 27957 32510 21658 31723 
29202 38047 25505 33141 31485 36574 30837 35727 26143 27024 
35432 32575 27580 33075 30899 38101 30548 32599 27294 33667 
25050 34788 22313 25320 20196 30206 27989 25906 23445 26649 
22879 21058 25792 20720 24913 28630 20487 21952 18760 23105 
30080 36804 19122 33272 23114 32631 33310 28480 25614 26532 
