26351 22756 18195 23638 21464 20468 12691 20711 19312 16295 
34754 26862 21385 27430 27539 25901 20161 29128 28969 20260 
38603 31496 25669 31029 35172 36810 21461 27859 27171 26716 
28256 22565 19855 21747 24876 29527 14115 19699 22997 19269 
30570 28795 15414 22841 24574 25103 16949 16071 15633 23756 
30726 21763 22191 23205 24455 26349 13140 15576 20105 18772 
36329 30004 24491 29241 29898 35167 19338 27806 28724 24867 
24397 22724 14888 20960 16886 16115 13469 16893 15416 16405 
34447 35939 19899 29515 26508 28333 20945 23977 22888 23768 
27865 26366 17498 24775 24467 25068 14123 19557 20858 17568 
