17755 19666 18052 18727 29796 21442 20257 28947 9598 24080 
16401 23303 16552 24516 23680 19618 13900 17442 10157 24218 
23450 24693 23465 26521 27769 25474 19822 30650 12051 28782 
26991 34658 21836 28504 27829 29208 17864 29612 18274 32727 
12577 16902 14523 16362 26724 18205 16896 14790 12865 21597 
19709 29170 13927 23000 27571 23601 15685 20836 14687 26542 
22654 27620 19744 25269 27083 25075 18169 27587 15891 26475 
20975 30933 18644 24845 32895 27187 22609 21861 15640 33985 
18138 19638 16812 13330 19560 20086 17033 19369 11150 15728 
15395 19800 12999 13900 19688 17468 15693 16089 8482 20163 
