22988 20868 17733 21490 19089 32835 18480 18987 9067 28127 
26546 22760 27463 34487 26493 43932 22277 29377 18706 42030 
16971 13013 22338 28406 19937 27223 16507 21051 9394 30227 
26880 24606 26711 29649 26649 43138 20917 27403 19930 37640 
18817 17115 18069 21715 19668 29986 18438 21989 14791 28256 
20850 15063 20055 21992 17544 31898 15053 19743 10305 27356 
14150 16163 16316 21232 12723 24579 10521 16782 12375 22851 
31046 28238 27807 38052 26516 49636 27126 30852 21591 44054 
22929 17131 21308 19243 22405 35865 17768 23825 14254 28849 
25106 20630 22319 25911 23058 41564 20439 19921 13127 32575 
