31513 33078 39010 40275 36061 37462 38577 38515 47381 41310 30589 36173 38165 35735 20961 33710 33925 36475 23543 42296 
34537 46848 51726 49225 46166 57222 44734 48994 50385 51342 40610 42343 58315 43892 25902 32652 42924 51114 39515 49846 
26333 46339 43076 44938 51507 47145 54523 40637 54220 47133 39032 42136 53240 48912 26616 36200 38346 47668 38237 58464 
38571 50574 52268 45697 49889 45842 50222 49526 59318 50256 37477 44162 48470 53386 29774 31647 39045 56686 39841 51633 
39905 41900 53850 48574 41302 47783 42959 43949 55947 47184 34947 42209 45967 43168 25773 33345 33408 47228 38702 52484 
47627 63685 59576 61565 54666 62519 64087 59237 61582 64234 55761 52511 65025 65411 31120 43629 56923 70403 49338 66042 
28539 40864 49130 38049 40495 50160 50212 36556 49206 51406 41375 46324 48526 49944 25096 39136 36241 36842 38454 52253 
36107 42285 49335 39446 37068 46384 50005 42493 45275 46209 37623 39029 44981 49696 25207 25643 36607 51339 37131 46805 
40240 48928 56839 52829 48405 53467 55075 48867 57553 52495 44968 47073 57886 55940 29663 34406 35652 49743 40482 56792 
44624 61603 60906 56543 59546 64410 66527 57624 54350 68543 56728 50883 58447 62866 34147 43139 61852 69200 44093 63434 
37453 56803 49539 52740 55126 54761 42232 50689 56883 59540 44761 45616 55154 50390 32319 42410 49080 53940 42042 52393 
47620 56903 61747 56869 54833 64107 58591 56404 61800 63367 47810 55328 67383 52515 32095 35412 44252 54730 46376 54936 
27012 37065 38658 34008 35436 36973 34539 28750 43278 38991 29433 37370 40218 37162 24813 20839 24452 33098 30119 36465 
39112 51106 59554 62215 55219 63274 60041 50407 62652 52958 50468 52852 61505 60316 32349 43147 39915 51700 41052 66919 
33500 42107 49859 43689 43127 50606 47921 41280 45432 50983 43850 42311 51720 48289 28489 27554 41394 50355 37758 44180 
36159 41029 45926 34044 39685 47921 46547 39465 41795 50100 37884 34078 43172 42754 28807 23041 37709 50431 34273 40684 
41154 44587 59655 55822 53205 64934 52464 54472 57295 54446 43600 50290 60263 52505 34169 30921 40645 51456 33475 50409 
38461 49490 53754 44577 49149 51362 52059 52699 49824 56965 38418 46547 44931 54588 30463 33605 50836 61946 43839 50906 
34150 39142 45291 42472 36601 37579 44756 40514 44725 43956 36222 37173 37533 44222 24221 33881 40942 51360 34037 50279 
36613 53375 53553 44460 46436 59902 47223 40193 45879 57266 42738 45969 56415 49390 32767 29625 45738 49392 39621 45801 
