51210 55832 44204 46960 42350 45963 44271 31490 41280 48642 42105 45008 46817 41259 35981 42837 43467 42071 33109 57516 
46945 58533 45771 47309 42124 49198 50212 38165 33414 45694 40968 48912 47539 37762 48014 46676 45111 36929 33589 50813 
50285 58759 44502 51443 50653 49003 51535 37098 40533 44813 43991 48915 54469 51735 50674 44760 56390 48039 42217 54012 
47240 54353 43511 43147 48611 42175 42014 37910 36003 43368 37360 47158 47387 36185 35485 41118 48131 42551 35038 58283 
55404 65233 50251 51324 53851 49017 59330 45974 33778 48883 52188 58072 55233 39665 51103 53329 58632 51806 45546 58116 
43857 52776 37385 41453 41032 41082 37454 42312 30185 39856 38403 41931 43519 33305 37071 35527 43497 29929 30921 47961 
60338 70704 56167 54467 65514 65343 56737 46671 47596 57815 48991 64883 66037 48138 52719 58912 69333 47889 43524 73177 
53629 66400 53860 55204 49818 52019 49177 36840 42461 47161 43170 49956 50980 45767 50709 50122 50724 44932 37364 53355 
52295 64436 44720 48010 48938 55077 49917 36946 40211 50486 44267 53933 43725 35617 45895 55693 47061 42337 38957 52679 
61298 64429 51396 51204 52740 53225 51925 42794 40710 58431 48641 55474 53526 43148 44725 54276 61056 49456 43061 66808 
49828 55521 50330 46108 50322 38858 40692 34386 34249 42851 42465 47739 50304 37200 35722 36731 51934 39912 37724 54831 
72043 77626 57438 63931 69419 71896 62029 51542 47562 70838 55066 71212 67896 55917 61386 65117 77552 62952 50034 80938 
62462 67860 53956 60980 54877 63173 57296 42128 51471 58545 48548 58193 60582 55238 53041 56049 61261 50426 41362 70397 
46832 63322 46006 48511 50093 53010 45741 34589 39548 46303 39618 50400 50384 41649 47432 48107 55913 38300 37298 51877 
45308 53497 41984 34381 57959 47782 40305 26511 37144 49568 34707 48351 45925 38514 37985 42679 54816 37095 33241 55783 
45120 61841 44786 45622 47575 44013 53117 38987 41317 43678 47203 51542 52412 37245 36622 40694 40047 44827 37270 58279 
63820 72381 59299 60916 60778 61600 57716 41745 47845 61334 50662 63811 60938 46844 49438 55293 66468 54451 51604 72049 
57766 81775 58391 59800 66335 60717 61362 49471 53708 60999 49842 65784 66526 49772 50493 56448 61621 56393 45672 78947 
63801 65606 51281 57950 50203 55884 56440 42656 45268 59059 51739 57027 57173 50583 47536 54561 61302 53936 46198 69598 
62175 73450 61565 59215 62065 62866 61236 44432 48810 64415 51883 66761 68123 55589 56990 57021 68566 52810 42654 77064 
