20253 30503 23369 33578 31851 32853 32728 24504 29296 24493 
25307 38381 29470 35635 34700 28697 35947 26966 34059 26584 
18452 28650 21757 30852 31217 29470 29713 22842 26631 21699 
19067 33987 19790 30776 24312 27433 27598 23386 25072 24796 
19483 19330 19354 25705 24912 18345 24477 19316 18680 14531 
13219 13325 12751 17585 14092 12063 14876 14415 12175 13302 
18511 21356 19054 20500 22781 15832 24227 18835 20700 21416 
17791 26618 16554 26642 23649 24514 24834 23956 19846 22831 
17111 23613 19822 28671 26136 19098 21976 22922 19457 19011 
19706 29324 21729 28869 26776 20870 27975 22691 24502 24124 
