39888 48516 39501 54052 52081 44116 59473 55625 50452 54274 53507 68873 61014 55453 43492 57899 64228 56097 48916 48616 
25894 31774 31160 32329 30535 28283 37592 31927 35316 33090 35430 52009 34215 34234 32694 34902 41360 39441 27145 30491 
42263 51831 52513 54144 48245 46953 57973 52954 49414 59591 66161 84430 62765 60376 45608 59281 73369 58511 44774 55679 
28418 25090 23984 42645 25769 34964 41513 41178 39533 36883 39372 49784 49171 39656 32244 44102 44985 33110 36255 37198 
47118 57618 51541 59100 56588 54712 67891 62955 62314 63270 70827 89669 70108 63586 54266 60926 76179 65675 51900 56225 
29310 35542 27294 37149 35285 29753 37941 30466 33053 38108 38086 52128 42169 38792 34776 35277 41777 41705 31214 28574 
42265 51273 49765 57583 52873 43877 61074 55640 51158 56861 57321 75595 58096 57156 51293 55071 63162 58116 44416 45198 
38164 44415 39960 56362 44395 43922 57019 59163 50730 50071 55362 70299 59350 50703 40198 60700 65544 47843 49459 59529 
47433 45255 40595 53362 51444 49983 59014 50940 49452 54768 52492 72339 62881 55611 39275 59719 68232 49973 46602 53793 
39090 42312 39122 53882 44532 47168 49897 43981 45112 55321 58092 68885 61965 50949 42406 55769 62212 43047 41029 48413 
43426 54881 42437 56489 51412 45551 59300 47252 51376 52923 55494 80266 62890 55735 47125 58416 64829 56377 51624 54082 
29866 30301 30442 36888 29732 33982 37629 33915 33682 35150 38782 49271 42197 33168 28789 37090 46962 39132 26879 39707 
29980 33881 35519 43569 36402 42300 43344 45542 43348 42519 54188 67031 53911 44359 37148 48982 56267 40158 38621 44881 
26126 42741 38864 48900 39335 33913 45284 37080 38848 41782 42795 58945 47551 38427 43996 41932 51725 42885 37679 36981 
36659 38182 41985 52637 41751 45348 52100 51322 47650 48320 51093 60966 61551 51355 41370 54187 63182 49119 39096 48145 
40590 48011 58363 53267 52458 44408 60159 52648 50216 54839 60873 76221 55484 54744 47962 61437 76786 59953 40708 52028 
38223 49352 38465 61552 46973 39504 65350 58829 59546 55808 62283 74235 56774 52994 59009 60946 62173 56910 54548 42082 
37497 44878 41260 46025 49574 38226 51362 46853 47292 44816 61022 69489 43975 42584 43246 50924 58132 53380 37624 45171 
37289 46773 40924 56588 47347 35321 57097 54239 46029 48868 53796 64877 55379 50161 43381 57222 59523 53691 46906 51504 
32230 43463 37503 53228 49548 40731 52174 45349 49953 51672 60363 70748 51802 45199 50800 57267 62376 46952 45619 41127 
