48935 38570 35043 41711 38155 41681 53595 51527 36389 56232 52847 40563 31812 58295 51184 48546 49264 52392 53013 52404 
51448 52786 40787 51611 44537 52242 66380 57198 49794 62012 62341 52019 47233 72486 63664 52063 61530 60371 60252 62208 
53343 35908 32262 39407 41115 38340 58582 46266 33182 60458 46231 42288 36541 57649 51183 49142 51785 46824 53867 48276 
44601 37146 34860 41379 50148 52465 70432 55296 44543 62416 56661 45596 43569 63657 63758 50387 61513 61405 53802 59443 
47198 35388 29751 33986 33367 41215 54050 48154 37149 51529 44394 36172 35109 56868 46649 44816 43260 44577 53103 50221 
54198 43639 38672 52173 39039 43150 58385 51818 45325 59881 53607 41510 38440 65339 58373 49196 48401 49303 58450 55975 
49417 32935 30839 44078 39020 44501 53981 48838 37384 55262 44264 43518 39142 58750 46639 48464 44413 47490 51824 49141 
48320 46939 34841 44207 40837 49534 65808 51625 36302 58177 55159 45354 40980 59603 54657 47796 50691 56010 60153 55972 
52506 38773 35695 39293 40902 40748 56183 50996 46980 59245 45534 43886 46017 61199 59904 44235 50014 47504 55757 54931 
48110 40978 37439 51682 47260 49828 58268 50706 36725 60018 55440 45731 38829 61916 53842 49689 54463 52973 58248 55670 
58318 43605 35195 47819 40549 45348 61671 56500 42053 62801 58762 53804 40297 69662 58087 54007 53396 60446 54971 53940 
43503 33168 32567 33893 35182 35181 48243 43136 42900 50537 47607 38809 29030 54747 56754 39342 46997 47977 41524 46589 
54068 42043 35437 54153 45232 44505 66208 48675 48348 64459 52256 50062 39846 73264 67903 53731 56507 54107 53245 57721 
45281 32890 29038 33041 33558 33071 43179 42667 29866 50848 44827 42298 26611 48291 43280 40700 48989 41284 42911 37795 
44883 33370 35389 42174 41085 38907 50968 49801 42437 54666 47967 32495 37736 58140 54472 44165 47697 53028 53279 52826 
52457 41608 35246 52036 47847 48944 64033 50484 48643 66171 58155 54889 38140 71183 68441 55445 64016 59569 52640 63131 
44728 40230 25169 39537 39651 44334 56099 52139 28385 58693 48543 40989 40089 53476 53444 47618 47460 48052 49708 49551 
49139 43457 35235 44031 36017 43949 54251 50135 37414 55577 49289 41220 30326 56307 53280 43113 45097 43998 51055 46936 
57593 50917 44586 60089 52541 54707 69409 61312 60137 71919 71758 57345 43323 78462 71777 56817 65192 61924 66816 69216 
45772 38785 38005 48200 41578 42865 51825 43964 39247 53867 49875 41718 33534 60606 50350 45850 47989 48933 52137 51845 
