26263 20316 20791 26941 13920 30968 25298 26250 26516 27048 
24372 22278 21424 30576 18328 29844 21793 25685 26185 25937 
14338 10664 14447 13412 9853 17200 14190 16650 16123 20281 
17992 16666 19760 23504 10705 28119 18794 23830 18968 24958 
21748 19049 19225 25903 12792 27193 21963 22297 21490 21903 
21714 14316 15104 9048 13724 16742 14787 20306 14605 16349 
32696 35280 25789 42362 29752 41636 34477 43158 40131 41327 
24496 23273 23476 24217 16815 28932 19907 29914 20048 24112 
30288 21861 24659 20938 15468 23530 27433 23670 25038 23256 
31088 25347 23650 30347 19556 29687 26472 28075 27918 28461 
