30254 13337 22617 30795 25698 33238 21144 19472 35940 26605 
32746 16174 26624 30522 22314 28612 22192 20202 36156 23742 
36195 18338 28425 44063 29930 41674 28221 26812 44521 34226 
21791 13030 19336 27739 22512 26873 17440 15385 27428 21831 
27063 13502 19091 21141 25701 26530 15171 15682 27345 22641 
19181 14140 18660 20557 26927 22325 22523 13227 26784 23340 
29779 12766 29146 34806 26349 32342 20516 18283 36202 25994 
33169 20599 24940 38541 26655 36180 23683 18670 35463 31646 
35680 17459 26415 33534 27165 34389 17382 21279 34413 29280 
28245 16102 24912 40783 28189 35761 27170 29661 39309 29824 
