13163 22042 22842 21677 29347 13323 32352 26082 20300 17301 
19667 23439 23927 23619 28136 18160 30680 24063 21361 18487 
18672 21633 30445 24686 29310 19707 36892 30822 20768 23841 
15899 13176 18391 16733 25297 14282 27134 22207 20792 18416 
12003 19868 17956 16149 24964 13804 28473 25907 21565 18671 
14734 14913 20880 19972 13144 10256 22385 21934 19148 15900 
23532 25401 32489 27889 31882 21456 40200 31765 31103 29698 
15499 23829 21968 17834 26443 18541 32554 31936 25799 22015 
21798 21250 23050 24481 31069 17938 35859 33373 31145 20350 
17254 26111 21402 25385 29920 17904 35491 36064 25671 18396 
