2759803 2766178 2294049 3446209 2628278 2947550 3087006 3308876 2050839 3496539 
2014991 2137523 1795243 2595019 2286895 2159970 3194490 2043317 1593505 2713877 
2880330 3305485 2443396 3331436 3268658 2928218 3527845 2941013 2277290 3361115 
3346459 3339005 2522076 3613525 3280082 2935179 3401776 3628740 2473180 3633233 
2566533 2378583 2044377 2660719 2357497 2347792 2584796 3043497 1995203 2651859 
3268540 3732354 2939658 3448382 3579546 3383159 3661110 3931671 3620375 3475417 
2865223 3159587 2487032 3064600 3256005 2869379 3286241 3468653 2716438 3324188 
2539610 2972593 2033156 2976226 2440903 2876044 3341568 2460743 2276902 2635649 
1898024 2015645 1706780 1987960 2131553 1551008 1954780 2122183 1859600 1921145 
1764629 1983865 1600931 1613344 1919697 1630001 1421224 2175212 1710720 1492572 
