2311539 2029174 2814054 1901302 2360395 2371619 2172262 1345634 1167747 2791058 
3011003 3106299 3823742 3225901 2933948 3949364 2848866 2013460 2386379 4168577 
1677628 1557942 1922940 1602010 1593592 2523805 1458918 1401652 1797718 1915865 
3648476 3496716 4310730 3901302 4630844 5251990 3201092 2963232 2028322 5009378 
2716434 2444540 3028646 2218014 3026308 3215659 2639694 1677628 1687708 3398806 
2493764 2500148 2633865 2293880 2042620 3607195 2760050 2031845 2293202 3355329 
2464072 2129488 2643671 2461688 2162214 3407793 2787648 2016759 2176512 3999164 
3152273 2846528 3160387 2658210 2790591 3733965 2994513 2061000 2500777 3936947 
2706289 2573585 2930915 2450815 2816316 3385900 2856975 2155727 2239396 3321615 
1459425 1217340 1721108 1280216 1682065 1779003 1209913 1009450 996206 1733152 
