59891 75664 60887 56089 65143 45822 58405 58339 42853 65895 62071 62910 57448 73457 69414 58848 67342 65093 57280 60550 63906 57138 59874 67778 66655 61488 68854 57720 52151 76918 
75032 88860 71130 71503 74154 57896 73335 72064 47691 77270 67186 70344 63980 76539 77601 74983 83993 79952 77080 62751 71256 57327 59829 83727 84659 71691 83254 63860 55886 85697 
76535 82415 72093 69319 71359 61367 69627 72700 50929 79675 64716 66613 63677 81806 71617 77218 81824 79504 58482 56248 69318 66428 53480 83281 82653 68422 82408 54242 56860 80916 
72060 84004 75504 54929 71779 62619 59748 73289 55231 73596 72542 74305 65084 79104 91341 70221 83703 78101 77895 65187 62062 61548 72411 72695 81969 72553 84132 69295 57752 71386 
74621 81439 63796 57110 66402 65367 67036 67217 49464 59218 60030 69002 66480 64634 75180 61419 73141 86107 68796 52617 50962 56970 60135 71316 80420 69465 81339 58267 50565 74008 
77798 87668 71079 66700 69334 56714 70180 65957 50333 83709 63856 71337 59125 73091 84285 74251 82746 85834 61524 63589 66437 62593 57031 85628 85499 69348 82723 64981 58800 79212 
91923 91086 78699 76945 87421 70962 79296 87013 51630 82853 75309 73108 67083 79395 84699 85282 96871 77842 82284 68142 69470 58929 77943 84367 95350 80830 94136 80606 58163 89505 
61897 72660 53314 60773 65993 48724 59223 69414 34609 67760 70480 63433 58843 65586 76513 65948 75511 63456 52842 55027 60419 54420 56565 74354 71585 54833 67713 58630 54002 64872 
64058 64299 63092 58374 60135 55995 54348 63301 40197 70080 56061 60979 59072 76381 72205 62988 68131 73554 64215 61327 52104 48709 50145 74419 72390 55820 75053 51141 52204 65674 
77605 89690 76609 62993 72686 61845 71492 68012 55359 67938 72087 73576 66356 83895 86200 74903 87393 83729 71278 68080 73400 59426 64365 79801 81415 70348 83097 57966 60218 83795 
70548 77990 70818 57484 67320 58839 63614 57922 53183 64688 59601 58120 58797 71117 70628 62009 76396 73266 65004 52728 56457 61108 57081 72164 71857 65026 69522 56935 52433 79422 
83621 94270 68184 71842 83198 69057 71743 81542 46385 85499 67545 68598 66100 82413 78556 80933 85051 85337 69704 64342 66267 64131 61053 88064 92953 73889 91275 62783 55790 83728 
84135 92150 91848 77845 91417 67307 86174 85220 63224 88727 69819 79427 77477 90553 100657 85899 95633 84413 88774 65896 73792 76431 71510 87503 95058 79098 86986 78099 70374 85386 
79789 90306 74420 61624 77204 59884 75543 83544 55263 75068 75612 69049 65759 70420 82945 73589 82086 73569 61205 59342 67047 67383 73078 82842 91795 74675 80261 72779 54203 81070 
66263 73992 59354 52078 64096 53560 62736 74207 35077 62519 69088 56649 62713 71052 70141 64361 75629 70142 55127 46373 54960 54875 58468 63893 67980 61693 68298 58336 47542 75076 
86830 98378 81202 74069 84113 67964 74434 89233 51024 90358 75021 78138 76534 88439 86429 82140 95986 92994 79980 68701 76343 65225 67790 94206 95956 73820 97551 66652 63755 93338 
79114 87022 84016 76610 75836 63292 74687 82074 49312 82370 65468 82370 71980 83291 79557 81404 97540 83871 73817 64839 74962 74346 63956 84647 90918 77406 87785 66453 59230 88491 
69076 71597 60202 59461 67704 50549 68831 61137 44019 63477 58560 60011 57529 59746 72026 64619 69651 67574 67548 44830 55036 52564 58040 66187 70384 67053 66223 65658 52233 63748 
73878 80444 81529 63174 69565 55446 66284 74239 47882 75461 63839 69209 66667 76061 82443 71016 87691 81128 68401 58907 63855 61991 66761 74515 78660 71695 78940 67094 57172 78707 
68766 72233 68684 56485 63539 51960 49037 76609 32878 74484 53565 61336 57358 63282 67868 62445 80657 73296 57089 57209 58706 61876 55249 66273 77049 66620 68994 52955 47005 72055 
81777 99379 77935 64491 79807 67059 62092 77714 55033 79529 73673 78083 59401 72755 91094 77462 102397 87072 70463 67426 72534 73097 65671 82617 88140 72623 85243 72363 62409 81993 
74520 90210 78633 70908 79671 64992 70585 74603 54506 80669 70059 83420 73098 81808 78780 66371 95987 85511 76216 57395 63672 69838 61275 84306 91923 73393 86468 63157 52396 85661 
93706 100186 79543 72697 85527 81885 75077 90703 58146 88756 79927 83283 74913 81862 93019 87025 99041 94265 79684 64720 67950 77345 70113 82791 101472 88879 97100 79589 62432 87207 
75463 77241 73775 66246 68762 55386 77592 82604 49358 72399 65447 60079 64528 68779 77058 78135 75816 67488 65009 56884 66482 58536 64523 83684 86851 69656 70580 62541 57231 72692 
71165 82375 62701 58367 75610 60892 71503 70234 49260 62729 61768 63954 66077 63808 76770 64820 77205 73277 69365 47073 56765 51249 67177 62957 78401 66439 76887 61523 47375 73573 
96825 112331 92990 87428 102229 83159 89215 92408 64691 104990 89699 89001 79232 106594 110489 99336 113618 101762 92519 77440 86546 78971 77658 101814 111197 89300 109797 80788 71209 100812 
87921 98399 80713 73413 84608 72094 74392 86562 57991 86665 77625 80402 70361 83736 93979 89690 101677 76727 75293 81169 81205 70075 85083 95277 103807 84486 92208 70656 65181 86340 
73588 82621 73015 65704 75912 61567 70996 66107 53658 70231 70038 71418 71221 74052 85873 75446 83731 72950 77333 57008 70866 56978 61117 73264 73444 68206 80827 62836 58817 73537 
73567 75204 79315 69003 78834 62129 66042 78753 50049 77685 69345 71824 61678 79298 79019 75438 83799 69252 77825 56001 64006 61344 57608 74633 80603 68520 85313 67894 53214 69203 
81135 85241 87151 69038 83733 59010 72483 75813 58014 80901 73319 70511 66774 87073 86662 77396 96422 75385 77924 62666 72685 67220 63180 82977 80882 72556 79240 75026 60989 83860 
