74551 78368 76446 79751 86359 95142 84486 73618 106304 84671 75463 64921 75397 82195 83323 70008 102746 92519 58931 71864 97726 79390 75292 57266 83538 89562 85968 93210 89401 85296 
77702 88136 82478 92873 92108 96928 83837 67652 108580 80063 81420 81285 84185 89544 83897 69667 110124 85484 72303 75236 92954 75671 79924 59379 87999 99536 74025 88080 96038 90895 
78813 78671 74926 77030 77864 89876 73553 69866 98996 81722 67475 69009 78538 75962 76289 69621 88089 88076 69563 76253 87094 75796 69778 54809 77692 95286 67884 84343 79157 91653 
70164 69595 75744 76802 86026 88827 74317 62060 89174 75190 68483 66055 74987 88096 74623 71344 93638 78815 68011 74462 84339 74061 74631 54163 64819 87983 65754 84721 82249 89624 
71642 68711 74662 81757 67285 83598 66232 57315 79859 68713 66356 73774 60712 67797 63474 65409 87128 73335 61359 50789 80764 63393 70054 48404 62441 83627 57551 85460 71074 82079 
73039 83971 73339 77858 79876 93449 75044 64982 100229 89344 74065 68674 81630 76109 71158 65202 100443 83039 58061 74630 91106 76544 74043 51780 76824 90892 72836 84192 81144 84413 
73496 68808 81509 76059 78407 77912 65756 58668 87678 66018 56664 66584 68001 72281 66667 65678 86916 73127 67084 61389 85143 65686 64741 44452 68998 88454 59375 78822 77012 76910 
61567 59640 64823 75893 80718 68339 62181 63833 83592 58292 52735 61753 65250 72178 67655 55689 86400 71521 57400 58746 80045 63788 58299 38131 67488 75008 64190 71795 62361 68941 
66297 69663 70143 84870 83832 83574 64594 61582 89305 66114 65076 70135 72044 78326 80468 67502 94314 73835 64514 69407 91635 51825 61980 46552 72534 91777 65061 85000 73852 86615 
56784 61122 68315 72403 71230 70071 55156 46835 78072 62147 59157 71457 68314 69766 64270 69018 80003 60357 62948 58583 72639 53215 52677 46333 58262 78248 48976 71211 66003 71691 
69082 74859 70403 74604 79492 85664 66404 61705 87979 66921 61145 71666 63537 71872 74094 62130 91197 70528 60938 64522 84247 64220 60573 44196 60964 78861 58167 78683 63872 80837 
52016 63839 57639 77473 67298 64829 56044 49415 82885 65616 57570 63608 68351 59603 59182 58806 77740 65035 56702 61766 76100 49773 58965 40292 64978 86023 58717 58499 58125 70351 
69088 71796 77068 82853 71301 80814 69126 59714 97000 63649 62564 66479 70650 70898 69259 65969 90879 75627 58897 57408 88322 58675 68022 48064 82467 87314 65972 85250 77735 76315 
69669 79355 72857 77944 81446 87310 71855 63658 91383 72078 69556 68690 78024 84022 77735 66254 99330 84479 59345 72691 92336 70215 71821 45350 73274 86343 67002 86063 76719 83045 
56907 66152 67086 76962 73494 73877 61528 57513 85143 60683 60292 71042 68742 73997 66590 71448 95910 71284 60105 60727 85262 52573 60617 45914 75687 75266 58461 75837 68252 67650 
93145 96520 92080 82893 91343 116571 95953 85257 117396 99155 82114 83420 94121 94528 90131 80851 115178 104290 76899 80945 102870 91682 90802 68368 83150 105594 81156 104866 100961 117639 
67291 70826 72004 72781 73535 80598 77303 66809 105157 75870 62907 63908 76064 77049 68788 67331 91304 85346 60284 65737 85415 69942 70866 51404 80447 88406 74859 78576 78346 79706 
65864 65370 68020 78149 73920 78482 68080 58995 78477 64459 58674 71589 59989 72302 65742 56522 87563 68694 65951 60186 76510 57414 66557 45412 60914 80101 51008 68072 68156 83870 
66746 61303 66459 61404 69591 73875 53858 46196 77738 67429 55944 64119 63979 58003 57640 59367 78173 67158 61052 60051 74997 57071 58113 40709 55280 83380 51086 62642 60878 72771 
80477 86150 77480 84096 83658 103481 79535 75616 100411 87291 77171 70166 84102 82675 80857 66575 105641 93051 72492 74404 93854 85997 85068 56395 80437 93548 78664 89984 87628 95961 
76033 90160 80264 90289 75224 100057 82386 69462 98901 82926 74662 81077 74416 76711 73274 70647 105755 84182 72817 70217 88849 67124 83050 60244 73551 93916 66135 91558 89155 98109 
75038 76059 78548 79269 89049 89572 76662 71992 101065 75760 74125 73701 76577 87839 82423 71177 99883 86037 67797 72210 90258 74643 73624 58349 73372 87303 72539 80267 83276 89051 
74797 76529 75589 78810 83060 88194 74620 65730 96931 70156 62710 68038 61181 76184 75619 63193 91236 75733 62475 70227 85546 69603 65149 52138 69799 88590 67448 87736 76321 82692 
71643 76636 66063 70850 71347 79961 61145 53800 79535 68890 67392 67682 76244 67206 65362 65103 85068 68758 58993 65694 79742 61418 65966 49689 61654 85496 53286 77866 74096 80846 
71999 70270 68076 67508 73366 83228 65233 63589 81409 70158 61206 61765 69864 75694 68642 59489 91878 72087 57237 65719 84743 64067 68938 49169 61201 79670 58037 85480 71978 91672 
52919 68037 60809 78050 57705 72653 53039 49875 72838 56415 53376 59776 59290 50159 57372 47529 75544 56264 55133 49908 65764 54194 56618 47424 60432 73349 46208 62880 62081 67140 
73921 73405 74342 85031 78747 86222 80512 76609 96634 74831 61791 73186 80257 83450 74653 65802 103957 75793 70561 75138 86896 69626 74494 52994 79203 88273 65051 90884 77073 95952 
70756 74591 74773 74884 78414 83998 71164 60943 91280 56664 61988 71147 67241 70237 69897 68804 88466 68412 69905 55571 77803 65208 67005 56433 64482 80961 63532 78886 78848 81777 
82576 82628 82126 87454 77413 99314 80812 71646 100383 84595 77461 80378 83225 84498 84807 68491 103910 86351 72840 74937 96907 71939 82201 56488 80549 98012 68015 90539 83080 104469 
72323 74741 72147 80042 84211 80503 65444 56878 85330 66160 67462 74489 70141 67216 69205 58491 92742 66193 67577 66387 77519 65891 62970 45856 67385 84948 59081 73232 75619 77213 
