75939 73625 56053 65311 74613 67378 57081 64876 68670 76487 53708 79586 56000 71367 64084 70973 70791 63483 59488 62721 92414 80933 56859 74109 63297 83959 79338 77425 65629 66321 
70103 57141 52079 65634 72100 54742 59576 60705 66735 74150 60846 67840 56334 59009 55957 66830 64587 62099 58566 61064 92074 72432 58747 70761 62775 71540 67112 81408 57840 66542 
74438 69256 50915 71352 74109 62178 63625 74915 61038 77473 64516 76486 59045 59704 54609 70585 70884 60234 65586 61966 86341 72535 59991 69055 60535 83582 78770 85654 74343 67347 
88578 76908 67964 72725 79793 65911 64059 65184 70609 84074 62075 71398 58821 64036 61391 68504 64026 70923 51107 61326 82643 86941 66126 78587 70162 86417 72031 86745 71583 64771 
95291 73978 77016 90988 85093 67293 72549 81550 82912 83420 83261 79585 68106 66670 64579 66932 77615 70161 73768 68842 91991 86822 82722 74413 82441 96283 88994 85832 85786 70552 
81495 66539 61826 70484 76415 62680 57643 74073 76643 73293 58808 78226 60886 63696 59957 73571 74068 65339 69548 63481 92943 83309 64748 67562 62072 84329 81843 69964 71661 61086 
75833 58619 49686 69014 65677 53582 54672 68077 66771 70834 63542 62828 55795 53949 58134 61447 60322 61240 68678 59682 79015 67645 66820 67865 59676 71382 72188 67675 64339 61516 
82794 76773 64058 74077 76279 67545 63692 73979 80009 72336 67773 72426 69167 77317 64442 77339 77365 65214 80954 68503 98617 84695 74270 74540 67934 88273 90790 82053 75813 71976 
98320 77127 73114 92688 89265 74452 74955 85507 85156 99869 84091 94639 72967 71198 67781 79023 76326 83327 70419 79887 105261 103725 77805 88157 82046 94715 94762 98067 92801 72188 
78791 65762 55553 76750 69814 51809 54939 65988 71899 66301 66124 79482 60317 64098 55629 66460 65637 63182 65313 65596 86674 72095 61398 65077 56232 70149 75965 73297 63001 60203 
79349 80822 61606 83748 84013 62579 66211 77770 78424 80643 70170 79575 65903 62616 60555 74660 70076 65745 60287 66326 89479 82469 67730 79701 59206 87511 85503 84883 77171 64803 
84233 74622 61118 69664 74487 67041 56910 70300 75460 82790 65259 75810 65357 64986 61004 65500 63712 72570 61965 60428 86367 80523 64520 77261 64551 85242 74840 81187 68465 66156 
93864 78365 61799 82444 84213 69705 65734 82533 75218 93259 68584 86429 62656 67818 69475 80074 77401 80122 74255 71139 97787 83636 62139 86307 68468 92126 86365 84356 70784 74768 
103207 85277 71810 106098 87201 72852 70053 89173 93094 99947 90575 95521 77968 73678 73689 85792 84553 84264 83678 78906 105513 96442 86021 85807 83957 100477 95904 94791 91779 77880 
84819 78196 71119 79869 83762 69867 74643 79073 77065 84063 73414 85455 70458 72843 73127 77349 77609 78508 68784 72234 97103 91000 68512 91409 72804 93292 88152 92525 75345 72067 
82198 61864 53845 71876 68378 58303 52957 68420 67755 83637 59982 65792 58029 49691 57454 62813 69506 62456 62429 54774 78108 74402 65831 71979 68536 73735 70971 71557 65628 70609 
75254 67844 60253 80484 74887 70300 58813 70849 75349 81215 79016 73154 65305 71195 64401 65573 68035 65378 65842 68433 89253 71559 68128 77767 68325 86049 79159 84172 73388 69631 
85708 73018 59895 83078 80960 77671 66187 79322 80852 81321 86396 84772 69592 79221 66561 73987 75906 71733 84322 73908 93285 73724 71808 77530 67697 94383 83851 83722 76147 69858 
76027 67925 59414 71550 69738 56257 54474 60264 65229 73654 58918 74780 56980 64235 57020 67828 60803 77494 59760 58812 75919 81173 60076 71670 65056 80557 79741 72657 69041 58847 
80655 67010 49782 65612 74846 62268 57612 76464 71851 69256 62439 67969 58031 59828 53573 64957 69605 60030 67208 56105 82215 66653 65889 72858 57482 78728 69442 70731 70199 62996 
64855 58799 53447 56824 58451 49704 45520 62209 59133 64673 55509 57025 46941 40065 41342 54512 61588 52864 55048 41680 61102 54601 50453 54488 45778 68619 54950 61212 56855 52190 
85679 75123 66260 80967 79642 63019 62687 70449 76991 80725 67312 74089 64281 64607 61295 71526 69377 69856 68373 64502 86190 78512 73322 78355 72064 87071 76299 86518 77225 70492 
81349 58081 51046 75704 60631 59510 53674 72512 63552 74507 68813 70893 54981 49195 53026 65956 64839 65001 71197 58614 69784 65756 53747 62914 54602 73597 65091 66329 63694 59957 
89124 77354 62011 82152 79818 68496 60410 75735 72994 82349 72124 81639 67065 76259 64035 76053 81791 76511 77659 71411 100183 90206 66688 84713 73601 90206 89679 92539 73218 77129 
91618 70523 69709 86541 82822 68180 66453 79032 83054 90203 80479 83710 74915 71472 66230 84065 82601 73956 80434 76371 106467 82820 77993 78520 74715 87133 85248 92205 82251 85104 
84892 75805 71496 89956 78180 68988 67490 74620 78046 89588 85093 92125 71894 73086 58574 74749 70306 82404 64633 69785 92003 89806 67492 79572 73211 94056 84949 92313 87143 64742 
69153 61275 49479 67816 64084 43534 57774 64508 63935 79283 59741 68527 56269 46336 58220 65332 54821 61388 51408 52736 79029 63045 51798 66595 52743 71795 65648 72619 55637 59564 
75934 66839 63515 76414 69756 55005 62160 69884 62171 75997 67874 73208 69381 60193 55506 70109 76555 63520 68046 64415 84803 76135 69962 61009 61131 75639 85239 81357 62404 66289 
94455 69682 63620 77403 84784 65447 72398 73212 73554 86845 73188 82331 68927 65397 58721 78145 75258 71818 75423 75841 93774 81523 68113 74795 70714 77737 83645 90089 73668 81227 
93472 78796 60094 87160 81050 68640 63981 73101 73521 90111 77738 83733 55392 68518 73439 67871 67576 78537 65951 67909 88481 85171 64790 87194 77862 95031 78425 91009 75341 70261 
