23322 27111 30405 32712 23404 17309 27225 22342 24215 27889 
29810 33212 35395 34892 25942 25883 33189 29643 36965 32768 
19064 19034 29035 24686 16600 23253 20651 19017 25223 26058 
26849 21943 25388 24083 20877 19897 27937 24680 29922 24935 
16873 21200 25990 24721 17060 27323 29409 21126 24945 28992 
15472 18562 26204 19962 13326 22168 21388 17492 22214 24210 
24272 19167 25523 21662 18717 25431 27728 24693 32975 26474 
19948 25943 27681 26018 15170 24835 26973 19493 25408 26403 
21875 26201 33897 25854 16254 30660 28924 22641 29960 30159 
22719 21893 25488 24720 17741 20845 26799 21249 28885 26591 
