87558 64606 81276 67093 88146 81887 86835 87731 86339 87621 89545 63790 74458 76278 71804 67543 84378 61526 65884 87086 78576 79745 92509 87037 67606 78156 80114 68949 76797 80351 
85488 65885 81696 76387 95886 86316 85187 79746 89122 92650 107187 77217 73458 88810 77248 77795 90534 76322 84949 80328 84888 83347 106428 95614 78495 84414 93535 59764 90810 86639 
78697 54199 76284 72592 75371 74957 65497 67773 73792 81054 82466 59392 70889 70498 64750 64387 85363 61395 61311 77356 64802 70466 84014 76032 67210 63778 71050 61634 77949 76518 
76895 65983 84472 77855 96430 77347 79525 82145 84852 97207 92738 62393 73449 77839 75158 68444 85066 72745 82634 80286 75962 82405 92867 91487 74394 63935 77164 78036 84710 81028 
66007 52686 74362 64759 80780 69995 70322 72788 75747 82641 83514 58979 62187 72854 65772 56001 82211 65307 70490 66434 70562 71903 85681 72255 64170 65391 72798 58813 69230 76307 
82638 57531 80509 74485 84222 80174 73494 79268 72976 88242 87963 72857 65712 72389 66674 64773 78441 64661 66889 79784 66229 70229 86818 81336 75961 68579 77073 67122 76298 71240 
97027 68993 90659 82560 88295 85517 80991 82270 89612 98031 105607 68715 80370 74587 73065 72731 90798 72150 75808 89255 82521 83642 94309 88035 79286 78791 79118 77621 92084 92143 
76937 61876 72311 49148 66473 70594 71938 65002 68519 70644 74654 51738 69185 66723 59517 53803 66678 54043 60015 65854 69495 71000 72262 75400 53608 70390 64669 56874 68992 68640 
65239 53514 61785 72964 80577 73436 73977 73285 76460 70443 78995 52895 66996 62128 58514 58747 68762 57008 62749 69614 70836 70737 77815 78145 62533 56017 67104 56007 68738 67700 
74584 51722 78878 62213 73198 73828 72186 70127 69078 79491 85579 57340 58116 65835 69691 51447 85130 55594 59975 70493 60212 69116 83559 72019 53580 61796 71573 55357 64981 70870 
100619 62290 92778 76801 99374 98027 88669 88984 85226 109690 111210 83066 67634 89415 86948 77416 107721 82203 84701 92029 88997 87455 97136 98466 73182 80647 83305 79260 80666 88689 
69932 67524 82529 64977 78364 89157 76356 79183 81703 90438 86908 63996 74550 74001 66132 52895 84510 66318 69082 68027 82506 83259 88040 85006 68959 69628 71311 64261 74379 79202 
79445 59423 83019 73326 80898 68984 75796 75229 85009 96220 89594 72059 62605 71954 92604 73065 83736 71178 78942 79461 77237 67453 89036 80788 69169 74415 77598 71246 85779 72280 
89613 66727 88982 83319 92731 82671 85547 85192 79383 101201 101121 71176 70437 74636 77453 72562 100422 77348 74308 93022 71425 86787 95743 86894 80203 70023 80060 85318 84549 85088 
89607 61527 90702 67094 74674 85911 72299 74082 82697 93158 95884 62485 71981 67394 69733 63648 89049 63934 63319 86309 69894 77252 89295 78836 68811 73932 75420 68064 78111 85464 
70487 58871 69730 76723 78133 63833 76754 73405 75731 71764 82991 52916 68348 62979 64022 54233 77449 57285 65714 72266 63785 76385 90313 81087 60396 59794 78028 55721 77946 71866 
77559 47048 67614 71756 65454 72568 64675 68566 61970 67902 82462 64663 56214 61000 58497 45421 68957 56372 65130 71285 60519 66159 78161 74162 61917 52320 69609 53423 68241 62586 
83792 65828 86640 57178 78316 78870 77105 69636 80049 93326 87610 60895 66320 66493 75979 55625 76890 58086 62858 72076 67971 64246 85005 77115 53597 62229 66953 67650 72775 76255 
83273 58253 77554 75501 92444 77201 83076 80123 83775 89632 91448 68378 74888 79991 71817 68728 87416 65718 74211 86231 72583 78795 98001 86328 61844 69733 85559 68448 84165 76976 
84700 52810 74768 72246 75689 85519 71073 72219 75035 85211 84234 63738 70067 67802 66808 53986 74745 62496 69672 76819 71524 74152 86129 86761 63314 65674 69818 67634 72961 80434 
89487 65918 87149 89156 105304 93388 85884 91307 89630 103068 110306 73302 79014 94142 81168 76528 103021 80342 87963 87636 90503 91011 106741 108245 79538 77527 86901 66452 96857 96340 
66797 58934 81742 68735 81772 77437 68740 80434 74312 91397 88311 63933 71515 74409 70959 63819 85373 68252 60546 71826 69530 76117 89647 79122 67244 66009 76574 62955 79543 72631 
69546 57176 68366 65150 68004 58977 74216 73412 68156 74340 77270 52531 59306 54956 64903 59192 74245 55584 60519 71296 64123 71983 81233 73629 60740 65309 72705 59810 72567 63610 
76919 60979 79685 70006 70851 77035 69595 72028 77391 90656 84916 68409 71982 65239 66289 61808 77688 58733 61194 82897 60046 70101 88496 66212 78548 67264 73970 68520 84391 77656 
84935 61099 88323 79508 89860 81832 73352 88467 86308 93842 95158 67318 76421 85778 76694 71107 91475 70655 79621 87627 82451 84642 91085 89912 78257 77080 82627 73184 85830 79293 
86444 69017 84886 74283 88504 90781 80155 84073 73011 101862 87761 70547 76116 73061 60990 61081 83363 67503 79169 81536 75523 86394 94164 92309 76664 73523 79298 83940 83674 86330 
71780 67341 74939 68913 85374 73087 78688 77423 74405 94414 90524 61535 69123 68133 69540 71566 85471 60524 63357 71327 72531 75681 88494 83391 64510 70411 77049 63999 86842 79208 
75683 56090 78530 61670 69079 73644 69852 76627 70233 85483 90332 54224 59440 56690 66540 58037 78572 55470 61750 70924 72192 72165 79344 78467 60169 60984 65079 63791 72843 72427 
79363 62448 88776 74385 83720 75702 73692 83320 82823 92262 95496 67028 72896 82785 84234 63114 87805 62830 69507 78911 75715 74182 92343 81513 75094 75067 84420 66436 88404 83377 
65042 52940 62333 65225 80768 64447 67911 73343 65019 79182 82333 56168 55667 68521 56458 59950 78660 60303 67819 68552 64607 75244 76836 75551 60723 56773 65860 60582 69508 61731 
