1802936 2508439 1792320 2197738 1760429 2648829 2071998 3260887 2978239 2239983 
2309861 3203727 2209252 1951033 2274587 2955254 2200934 2747916 2684058 2651710 
1723942 2682735 1696526 2521388 2224356 2319367 2623860 3334511 2355314 2912482 
1706593 2361245 1710651 1356466 1575882 2261504 1713809 1898813 1906861 1987525 
1149092 1707277 1278642 1714986 1172038 2005260 1389390 2217287 1670999 1961364 
720646 1368705 908369 1032359 813276 1157967 1206357 1317471 1217067 1142289 
2386408 3395461 2441252 3130107 2644846 3348270 3506449 4646908 3793493 3446484 
1688832 2444688 1877238 2086804 1680485 2743093 2278094 2743892 2219774 2691983 
1442744 2039284 1727284 1584488 1486544 2190565 1865670 2601932 2348620 1935703 
1331707 2101759 1770183 2197287 1442819 2712909 2230432 3167003 2449029 2621520 
