78510 84269 70900 76387 93313 94174 75644 71989 84141 83314 70690 88682 78153 85956 83537 61785 82182 71639 63974 83530 86018 79091 82261 87225 90740 83667 63502 70981 77352 74284 
67700 78557 67684 61484 82132 74664 76895 65320 73452 77199 55547 80749 73828 70574 72037 51005 67811 64376 58198 82228 76056 68757 61100 80416 82746 76100 72009 64515 80416 69232 
74829 74837 74316 77009 95821 84066 87281 79406 85316 74156 66791 79448 74550 80154 71121 62648 82247 75826 59651 71571 85958 76847 66534 84557 93094 83848 68816 77175 74709 70764 
64039 79411 58727 67863 79012 75594 67188 75907 77548 85164 63212 78179 66891 72544 61846 58614 68849 68377 51646 78144 81689 74260 68951 77850 66426 78895 62051 77695 72762 71849 
59620 72574 63060 69363 82669 78246 66258 75379 69467 71552 63064 78791 71698 63894 59903 59664 81929 74730 51317 75679 77949 72362 61968 74531 75676 72197 55951 65633 73352 63647 
64652 66003 56086 59315 73235 69444 69991 59986 69807 66224 57447 74136 63667 67490 55422 54072 58879 61275 48895 64174 72412 66381 53922 71414 70715 65523 58121 64646 61116 62550 
67599 70644 62196 73260 79754 76417 76411 67126 74362 76384 76092 80507 68664 71406 71394 64592 72945 60486 60727 78397 69534 73644 62231 80266 81201 80571 55964 67030 72829 65899 
57415 69259 72441 73430 85600 84020 77847 59143 75446 68389 51616 73257 75890 78619 64240 64683 69824 69509 69019 69273 77012 65230 67226 81129 76349 74429 65207 62504 74271 62610 
71807 79078 54129 62269 75182 78896 68148 60454 73462 69143 69016 77597 69944 69466 71207 54473 70577 62199 53164 74883 77657 68343 65260 63458 67029 86612 55361 63010 80683 68292 
62521 74561 67838 79394 81772 93589 90235 68354 70800 67635 67401 74821 75531 74671 64555 46194 69832 66625 54818 77023 83816 62538 57653 82548 64694 80031 59673 60026 88655 77364 
53612 69565 50813 59588 74430 64580 67244 65838 73829 68531 63970 67918 65161 58088 46406 49996 52944 55565 45333 60461 78137 67956 52729 66466 58154 60412 47515 66470 66199 68933 
75807 95412 74297 86725 100876 90231 86290 77220 86207 77054 67343 87352 92228 84345 74723 69449 78994 83405 72764 92548 89421 85290 75965 95975 79734 89151 79875 81300 94113 74075 
56433 74184 59409 69924 68427 80836 69748 65555 70342 66272 64671 68791 62366 70738 61299 44766 61267 60167 56476 60953 81521 76590 61447 77844 71679 77743 58987 74081 73960 68556 
63786 78467 55861 71226 77402 79135 73246 61643 73895 64858 73672 71583 66660 71983 70025 51853 62488 63057 46630 67118 73959 77378 64512 74227 73023 78771 53128 68453 72643 71571 
68583 71626 73684 77605 84579 83061 96284 73509 82753 86689 68196 80924 70823 81218 66396 62604 73339 69133 66387 78243 81951 70977 59819 89420 79378 86920 60949 69997 79043 73860 
68624 80501 60723 72360 86954 86379 76960 75186 74690 73738 67847 82323 77495 72347 63965 59285 72317 77087 56011 78413 81240 71841 66082 84327 69469 86017 61379 72587 85029 68496 
65645 67358 61249 63298 77841 76081 66854 68792 61039 70680 59218 65686 58481 74424 57865 54430 71556 63048 54921 74471 69012 65409 60570 70621 67687 75223 59107 72059 63990 59789 
48374 62996 57138 61039 69975 67334 70201 61528 64520 71361 51803 62095 54394 69266 60393 47716 56504 52329 53201 68763 63050 61858 53951 74021 62564 69474 50177 58937 66204 59356 
79020 87411 69997 77180 96915 91985 86185 72972 80687 83563 66810 92182 79158 81757 73298 62111 76877 77694 57974 90491 85532 75718 70451 97183 85026 83670 75799 69162 89743 77670 
78252 85030 69351 75850 93636 91850 86672 68165 87109 80786 79200 93050 88667 78486 79826 67354 79932 76550 58985 82445 97408 81094 71937 87535 80547 87037 68222 84651 85698 80508 
61985 60424 64316 68700 83758 80110 76361 64391 74231 67743 55563 73422 67289 76962 62773 57421 72034 65339 53182 75932 72588 55458 57227 78805 63736 76619 52493 63691 68612 65058 
60625 65698 63856 65287 80875 72239 79143 61916 74243 71591 69337 72136 68294 68235 64525 61311 69178 55972 55404 69806 78377 69333 57296 72756 75109 77315 54601 71270 69401 67402 
61038 78495 62913 79290 86501 73875 82963 71056 78830 77323 70467 79924 71893 68802 61835 65665 69410 63466 53377 84864 79297 70952 59711 79798 72603 80323 65376 71021 79554 75571 
48385 54316 60038 59682 57960 67684 73971 61446 64550 62545 52608 56278 50471 69908 50364 44587 54358 50636 52087 60700 62940 55111 42272 70291 60150 71571 50000 63217 63330 51409 
73311 79890 64481 72636 76866 84963 76488 64928 74838 80193 74258 87726 80484 72959 71783 58235 69560 74328 60494 81209 79790 79709 65753 77253 74250 78617 61140 68173 80277 74657 
50553 65022 59800 63134 69004 65008 72804 58697 66380 60178 60162 62707 64423 57056 56353 44534 56425 50313 53784 60823 68336 64984 50484 67091 72688 71165 51503 61561 68959 61289 
77927 80344 75014 74256 94174 93163 89007 66963 85248 77720 74200 84172 74694 98272 78933 68834 75942 66400 60752 88067 84549 82436 69549 89159 88128 87413 67384 72769 80981 78544 
67814 81445 63574 67461 87355 79386 78538 68433 85789 81289 76752 87114 74670 78351 70424 58856 66214 62983 52140 83595 90324 78294 62575 85534 81967 78428 61861 82792 75465 83632 
49064 64586 56154 57769 61852 64369 69706 47457 60021 55389 54861 65463 53280 64763 61348 43191 54529 58362 53840 68647 62405 58913 46036 73044 70208 67503 61329 57512 67324 54828 
59385 77252 62775 66870 86839 82443 72958 65295 73098 60451 56479 73413 82154 61433 56079 55842 68348 65737 51316 70236 80932 65155 63946 72981 67058 81763 63499 73398 83364 68253 
