28116 29657 20528 35868 25087 27751 32707 15165 31724 27919 
18020 24741 18728 21393 23735 18247 26473 18638 27904 17548 
27265 32158 23176 34438 29321 26490 32368 19435 35177 28755 
26993 23506 17075 30488 31748 25140 32364 17446 33926 22372 
33895 36422 19033 37606 40804 30124 38223 25351 45815 30301 
35981 38950 27010 41108 34416 33854 38087 27153 42339 36150 
36153 38902 22538 37412 34544 31656 35224 26071 39430 31050 
18793 24140 15211 25363 21576 18363 21465 16646 26678 24051 
28706 25448 11040 32475 26266 24959 26600 11721 28833 22646 
31814 33192 22266 32348 31157 29698 35298 23652 38439 27271 
