75202 57629 55742 53197 70538 64003 66759 69726 50589 56565 53900 66119 66780 60268 59870 58704 55899 65884 64080 60300 72736 63708 70186 63668 51171 63079 58812 61685 62174 60979 
89764 70692 74745 76601 83261 71132 88455 82239 58892 80820 72336 88677 92754 72878 84974 66686 77398 97502 73893 72764 85924 82969 84801 78096 55792 94539 75853 83956 76757 87211 
86277 78825 72730 80841 82335 70246 85220 76714 59647 81142 77638 81066 90626 78170 74135 72021 84900 99126 80305 83985 89753 80277 83425 75279 64058 82145 81345 82823 80619 85964 
67784 58235 50612 67371 64300 55391 58888 64131 55906 69942 65056 72922 77466 64191 60558 58392 58685 70995 63476 61859 75295 69682 68772 58600 42358 69488 55342 67787 59526 70058 
89846 69893 68845 70324 85030 67651 82221 73908 55086 64685 70667 76839 81418 66599 82067 65815 68055 84199 66808 73039 83626 72022 78516 72977 54818 84473 73235 72654 76668 81030 
86378 60420 74469 76954 78560 72967 82297 73893 60913 76236 69729 83828 95850 70383 79311 69488 67941 88751 76200 74052 91235 80747 73058 78222 57623 89184 70574 77359 76066 81582 
95048 65037 66804 86874 83944 84179 96711 84264 65741 91752 81162 96783 88711 85357 83847 69964 73936 95444 79224 81074 99568 83890 83903 77143 68415 99055 74606 92349 79236 89029 
84224 60376 61218 70360 73900 63205 74678 78993 56902 77943 62099 79065 79197 66369 73759 60531 70869 89065 66443 69639 80289 74340 76234 72360 60148 77171 69158 80353 60305 80112 
103302 78371 69929 79242 94606 84453 88787 94174 67078 85583 80546 93336 89169 80643 84188 79251 83898 92972 78209 79342 84977 85503 98839 85661 64861 97385 82874 91594 83215 87937 
83233 60237 62761 66802 73706 67437 73849 67878 58883 72962 64578 75268 79473 71172 67287 62575 68418 76663 72234 76264 85367 74910 68084 72097 58216 72651 59953 81141 64608 80810 
90947 71085 62740 76594 91186 70861 77720 85990 66185 81175 77060 89423 87834 72306 72257 72539 75117 90142 74096 72525 90126 85860 88507 75129 61712 87374 79525 79686 74587 95584 
84988 68750 71541 74083 79200 81907 96405 75607 59131 93949 74483 95390 95220 75810 83970 70485 74198 103418 75967 75193 92535 84150 95056 84578 55208 94215 69266 87074 84352 78749 
70580 59746 49455 65755 70748 63622 65995 71007 53326 76958 63562 77055 75784 69640 61356 61689 63107 74204 64978 63206 66585 74342 74279 70275 52362 75403 63814 69605 64164 67428 
79395 56736 52200 67308 73837 66502 71638 80496 54608 60555 69499 75785 75669 66472 70757 56882 68190 69253 63891 61882 70130 68452 69673 58218 54014 78759 68976 73498 71864 74492 
79332 61708 61281 73623 76556 67042 85420 80502 55296 75498 69030 80971 74934 67013 72405 64975 69529 75676 72007 73063 82744 79033 66170 67142 56991 85182 61378 75853 62517 83381 
68290 47477 50131 50732 54678 65158 62718 60328 46759 54139 52365 68646 67208 61884 62442 50083 58169 59799 61138 51681 63923 60105 61595 55884 45371 64494 57620 65179 65549 59605 
71934 56079 47752 72844 70986 54548 66772 78191 53133 63479 69617 78082 73173 65792 67413 61452 63194 68373 55017 52395 75080 73699 68304 47965 55083 84736 63004 64692 66128 79113 
84261 57662 56403 69609 78135 65412 70805 80489 59941 63070 61418 89151 80609 67850 71131 60202 59775 72041 67432 61647 80372 69453 78085 62566 56746 89703 62340 67758 71076 77875 
89103 66251 64982 74592 82094 74642 74075 71429 63421 70883 76133 76354 81515 71999 68672 68768 62991 80649 68278 67314 93339 78475 74217 65421 56343 82089 68799 74108 71813 83048 
92089 71155 63751 74368 80437 74193 71385 70201 65372 72642 76604 77428 85392 77245 73885 69064 65851 87655 82069 76517 84353 76785 80974 72488 52591 83034 75011 85721 81993 77386 
70743 54093 50358 65964 63823 51270 66945 63284 48038 65968 60640 66065 70812 50584 65103 60408 58883 75936 71716 65272 71131 62474 60737 57353 46474 72547 60263 65253 58154 68142 
106755 73085 71410 96350 102064 90000 96999 94691 73502 98496 90378 101738 98989 91948 86178 89747 78557 101128 95728 92925 113485 96779 93464 86787 77298 105729 82652 95200 87437 97229 
82867 60673 58121 68182 75310 72455 75334 77317 57358 75090 74656 76922 81886 61780 63766 68149 71423 85082 78053 68871 77823 81276 73281 70840 56858 77977 73978 74513 68937 80632 
71435 55622 57571 72331 61970 55240 70190 73068 53309 70932 60746 77324 77811 70214 70714 61015 68060 74586 63967 61035 82150 71429 68830 55148 53476 80328 62487 72612 61213 71233 
91722 63054 60900 78583 81286 73702 76939 78340 63096 71639 72807 84485 80802 63612 69861 71369 64786 80997 75212 66276 85724 75222 77028 64111 54497 95555 69779 70450 72205 81492 
74412 50633 56663 75909 69040 64035 74391 73187 58499 66352 66955 75969 81007 73152 70787 52653 61824 81406 62881 60642 77146 66938 70568 59168 53566 84245 66695 77891 70289 67191 
73150 55651 47695 63594 65875 62134 58354 66393 52119 59715 62418 66278 69063 66529 59752 61829 53171 64816 66963 55631 64819 65883 64731 62938 50168 70785 66356 63213 64810 62416 
92078 65252 62757 68090 78014 73216 72323 78623 61393 79051 67604 85686 86599 76792 88829 66330 71220 80392 70574 67769 75658 79504 79909 75589 57976 92364 87111 86284 76130 77894 
79191 64797 60475 77490 72994 63544 70489 74248 56987 79543 71527 75822 83943 70276 66516 68788 74612 91748 72727 67981 81373 78350 79176 70102 55726 76574 80057 75211 66091 79442 
95506 67377 62919 76331 83911 73363 75326 80659 65599 77129 75581 88924 86187 69290 72147 69222 71293 83309 70877 76455 88694 81495 81059 71297 63432 94959 75723 72960 72459 87829 
