1816564 2908991 1477696 3314220 2830149 2813662 1037889 2460476 2734458 2119675 
2302996 3134419 1569230 3324887 2585946 2716533 1549578 2451911 2045391 1869501 
2278422 4199598 1913932 4144433 3567768 3580674 1875480 3109635 3731463 3206390 
2559998 3884358 1977097 4153908 3599740 3561768 1796799 3129471 3542122 3165712 
1380933 2265687 1195218 2210895 1858259 2100776 1122479 1604034 1949607 1663435 
1963875 3466055 1372573 3434758 2966706 2718840 1152589 2470479 2635054 2291210 
1863177 2083698 966816 2587340 2177215 1866776 940106 2016470 2030780 1677468 
2026186 3032639 1340385 2110709 2075543 2662303 1448683 2027568 2589603 1598628 
2583351 3652575 1953607 4200064 3127014 3856672 1487818 3058899 3105454 2699293 
1902271 2808852 1641500 3852181 2719295 3028112 1054526 2445004 2247111 2212493 
