853218 2851351 2738313 1964319 2071040 2144234 2608524 2028687 1856777 2273870 
931870 3259925 3101299 2357898 2654916 2724493 3132865 2314618 2336739 2454760 
916473 2854453 2681020 2165797 2157409 2074927 2584042 2092298 1950484 2126805 
1058983 3976962 3238010 2837916 2575975 2689831 3193930 2613298 2329636 3012630 
991659 3141092 2972805 2274134 2113747 2563272 2903501 2504026 2379439 2854225 
857380 3703198 2681342 2598610 2480935 2744245 2832480 2528169 2213548 2526019 
1167042 3481714 2932970 3103465 2751286 2746709 2868059 2681341 2920646 3135164 
691891 2117599 2309331 2003712 2057890 2347411 2807062 2377108 2134295 2290083 
1050560 4089920 3552255 2850201 2686555 3147776 3637670 3219043 2801428 3494630 
1060476 3724966 3054091 2870604 3107326 3117179 2798235 2053810 2889726 3013088 
