23833 24760 32856 26686 18674 29336 29353 21386 26796 32939 
23502 28747 28400 32041 20027 27207 22368 22262 27336 29996 
20430 23368 35376 28717 21358 24979 31259 19140 22910 31890 
21840 25498 35771 30707 20624 28634 29383 21841 24900 29576 
30755 26857 43926 30767 26108 33814 40652 25958 26978 38073 
18674 18250 39534 25408 20553 25251 35372 19845 20736 27686 
24136 20010 41344 25210 19969 32558 36027 25835 26955 27185 
15561 19416 25846 24296 12038 21573 20807 13072 26041 21391 
17906 17368 33807 22327 17569 21401 28889 14231 27260 25527 
20416 19514 27628 25147 17117 21618 21918 20702 22458 18224 
