26349 18748 12013 24083 23062 15151 21606 21673 19531 19838 
42743 28085 16442 34248 31117 24001 29526 34953 31118 32746 
30209 19534 16041 28335 28778 15212 24417 25242 25766 25614 
27093 20541 14766 21173 24319 15611 19444 16423 24081 20879 
30931 14617 16742 19604 27328 16916 26057 23893 24944 24177 
43644 23849 22558 31311 36317 24244 33701 32981 33922 34941 
17007 16336 5534 17794 17610 6566 11920 11481 12038 15108 
33793 18640 16873 21869 27252 20052 23920 20031 26489 26364 
37453 22495 16258 24797 26153 20432 24908 26631 27857 29102 
41443 24146 24050 36271 39959 26872 36332 33086 37916 31150 
