2402630 1883783 2258555 1940923 2195034 1719678 1728337 1437765 1297446 1833805 
2030674 2023741 2458622 2732256 1959291 1979658 3078984 1788783 2134454 1739482 
3573378 2347884 4757324 4427828 3169812 3225442 3890556 2792832 2844308 2921284 
3002611 3250069 2628784 3048998 2932038 2434591 3260565 1911629 2158764 2339056 
2593019 2144803 2710303 2307766 2642931 1865678 2557317 1672745 1598225 2028860 
1157674 1073778 1262649 1479237 1053228 1247337 1764047 855495 1353007 1007266 
4671858 5918540 4519032 4791948 5694120 4608494 5325526 3617174 3843296 4076690 
2771210 2843402 2273728 2754575 2708934 2346586 3052479 1964890 2271401 2222032 
1868245 1897993 2198548 2133163 2513989 1579941 2102930 1457577 1241535 1499439 
2827310 2648066 3219945 2879488 3298067 2618860 3106379 2002956 2094767 2402649 
