2372247 3437586 3956556 3724164 2446353 3198992 4579726 3377903 4338986 3169751 
2459080 3287427 3111581 3092087 2163987 3405505 4404464 2745717 4534069 2708236 
1454997 2162661 2054490 1964996 1773630 2347329 2839213 2071695 2422330 1189642 
2052245 2457639 2533182 2531739 1886987 3125603 3851493 2751410 3355101 2467157 
1986071 2728593 2356453 2140904 1855311 2964084 3587844 2574035 3165426 2346279 
1070688 2064871 2101586 1797848 1305494 1651203 2664233 1162307 2464173 1511297 
1663321 1954322 1615083 1865261 1357119 2376655 2492554 2049138 2514198 1701810 
2037652 2635573 2124693 1998821 1847359 3095432 3538310 2414169 2969913 2238536 
1810769 2624441 2887404 2915760 2125457 2703116 3759353 2936613 2972239 2012416 
1775192 2145434 2198561 2248230 1894589 2533684 2976257 2085671 2890726 1180436 
