45273 35122 39380 51484 30160 38648 28466 32698 30939 29588 
25503 25102 17268 30561 16365 20777 21139 16380 16526 20342 
29794 21657 20936 30560 17875 20774 17591 16764 22533 16351 
27899 19653 20516 31939 19277 23448 14808 16407 14222 16054 
26581 22319 29644 33564 17588 25167 18814 21853 17344 24239 
26387 26138 31606 29422 21799 26334 20869 23210 19939 23469 
29590 26874 28591 34456 24718 26091 21864 23280 18182 17510 
20898 18984 19827 23568 11057 18892 14652 15269 15518 23747 
33661 25723 29947 34574 23465 30078 17790 24040 27405 20903 
34246 22139 27886 36766 19594 28868 15705 22355 22859 19826 
