91392 75690 78218 72935 73487 84090 72072 57975 69723 83806 64431 97401 91636 76216 70692 63878 88247 76898 82093 75107 77395 84029 85922 55574 73377 88926 72941 88558 72510 63356 
94227 78676 74555 79627 79852 78040 63283 59010 71006 98563 69380 104473 87493 71118 74649 68448 86733 81652 83804 74222 73771 85469 87995 56529 82433 88962 74654 86269 81118 71114 
77969 70121 67817 61688 60726 63075 53845 49174 64857 69514 53848 66423 61149 68234 72954 46846 66717 55044 70526 68991 55443 75046 77434 54690 66447 74062 64615 61001 55107 59027 
87948 71343 74910 75299 71398 84312 66975 57626 73437 87500 85636 84647 81680 74666 60272 65618 90761 75515 82875 73800 72546 83960 81354 58570 71767 80792 73510 78333 91501 57066 
92576 78817 73382 70207 72756 80605 64900 54237 70526 84447 59155 78100 67942 88504 76345 60944 82324 64103 81393 84145 74282 75728 90288 68147 68989 87438 81926 71729 71595 63966 
81925 70142 76173 72523 73636 72946 58088 54559 70319 91664 68703 93532 76773 69670 67813 66987 87263 80969 87502 75153 76246 75918 78382 61661 73754 80375 71115 80145 72039 68225 
93154 68064 74691 74493 65255 72356 66027 49092 69513 72814 62639 76855 73813 70092 66522 55511 84383 70403 68696 72957 69421 68753 85978 52725 62940 78590 75045 66213 71385 56845 
93309 82224 88164 83252 77092 84979 76409 68444 85155 92964 82959 89032 89160 79357 71399 71885 100553 84793 91133 74886 79919 90542 86549 71803 77580 91295 79523 85341 81623 65688 
97757 80425 83869 78427 79780 86005 75195 57750 79632 91155 81644 85519 88192 90076 80261 69549 87375 79773 86783 85533 79929 91868 93758 71754 78444 90426 79761 75037 82973 66090 
103048 87573 95672 82586 87010 77873 76971 57899 80549 99934 83861 103296 89431 84130 85232 69063 100072 92563 91755 92535 83710 90418 98855 66440 90302 99556 82623 82263 87367 70585 
84883 61196 70085 72147 68102 75779 57178 56703 66782 82860 61520 78594 74908 53040 60311 62597 81613 69395 66495 57288 61253 77331 71009 52236 70273 70610 76034 75612 70142 63741 
93354 71803 81356 80820 71385 89123 67125 68998 77764 85841 67635 88063 83597 64791 67672 61245 83925 79378 80516 75315 76447 77839 81423 59574 73225 71308 77076 81177 79080 67377 
84805 74856 73104 71215 79015 74639 66740 50543 69864 80225 59988 88687 78730 72323 67540 58700 85331 75351 82812 77088 76284 78852 72799 55629 70566 78968 61572 75066 70509 59898 
108230 85559 92798 88144 83451 98352 81035 68850 97169 104307 79676 108968 98282 91395 82598 78671 107861 89441 97255 85218 81562 96035 109143 69346 91600 104210 91153 103428 87161 85849 
81457 60622 66946 66948 64327 63903 56817 50822 60907 70704 62165 71973 75922 55925 65007 56759 71981 66055 57802 63128 62366 75606 75012 54549 63090 63645 70651 62979 66265 56548 
88368 72056 88863 71585 67132 76124 69831 56645 69953 89859 71313 87142 74523 75079 76339 60582 88763 75525 81069 79297 73936 79931 90136 63330 71020 91039 73179 69432 71976 59610 
80090 64426 71759 59548 63371 74749 64266 54383 65643 77559 68027 77712 69275 68332 56532 59500 84509 67873 76588 63170 62776 76512 69626 57255 70358 81504 67395 75015 67772 56154 
84946 77387 77911 70064 70643 76211 65590 51593 72179 83541 66539 78092 77694 74154 69148 62973 80669 68414 80250 74317 72806 78173 77742 54482 73017 83233 67811 73897 72225 52216 
77836 61479 60064 63230 61300 68735 59012 50259 64604 64580 54104 73854 66612 65232 56461 54759 78172 58126 73663 69650 62929 66808 61855 52641 53235 65343 58351 71958 62003 50656 
71820 49990 60098 59533 52293 70350 54840 47692 61219 67815 55051 65671 71076 57165 55112 50832 70149 61373 64330 54091 56999 66231 73972 40889 58882 66344 62625 65983 61673 54328 
92056 71315 83863 72987 78639 87611 70124 57038 75658 94025 78272 96176 80820 72097 65614 64619 86229 81764 89269 83505 84682 82425 81139 69578 77507 85410 78300 84803 75265 63094 
103742 78825 90286 80108 85716 85881 63126 58394 81780 107969 63838 105657 82520 83703 72562 71661 92297 83964 87871 85083 86571 86135 96301 72035 79285 89471 78479 88842 83364 68160 
86112 79795 70745 73468 79251 77566 63036 57394 68430 90052 63485 92682 83082 69525 65732 69002 83674 76387 82655 73561 76353 79504 70616 59376 74525 78302 69501 81803 73662 64118 
94941 73621 84054 74164 78757 79432 59689 60081 73756 91643 71993 81396 75109 74036 71752 63349 88716 71091 82224 78863 76329 89941 84531 73967 75083 86633 77050 75779 73774 60763 
82400 63160 67364 66771 63169 83194 60578 58059 65746 79573 65371 80561 74185 70095 60318 63136 76295 68678 78729 70748 70554 72346 81794 63017 63707 71994 78681 73872 67802 65419 
99670 92164 84458 83830 77759 81007 68643 61305 76935 84465 68558 94302 80708 71616 69911 59216 92906 86364 89865 77099 77023 78598 85822 64228 78892 89771 83025 80758 79708 64992 
114927 96272 92448 98055 83091 97838 87872 68373 96799 101627 73348 110979 89858 87538 96462 66528 106413 93681 101190 101994 100750 89963 102376 75728 86664 102194 100231 91280 92108 82053 
102171 79628 78080 86486 79377 91231 76555 66378 85103 101750 88798 105038 101527 87560 81346 83515 94158 82425 94338 86802 81460 97984 102211 67691 83194 96164 82322 93850 85440 80628 
111364 86523 94712 94570 97194 101550 73796 66921 93684 115845 87215 111170 96875 84136 85743 80002 103225 97450 101036 94058 97064 101042 103660 81614 92173 97099 94130 96459 91516 84986 
79486 69085 74087 67506 65966 75617 68115 53211 73686 78352 74953 88154 80640 74372 61679 55266 83734 76483 80345 71771 77898 78483 77894 66077 67134 82445 65883 75527 72420 53351 
