24002 23025 16668 17339 13028 19537 15120 19699 16047 19585 
37594 39260 40479 33988 24008 33598 35228 37282 40212 32496 
30442 33987 33005 25435 17545 25676 31618 22361 37342 21197 
20448 22757 27050 16094 14226 20907 19359 17091 28575 16689 
23494 17753 23409 18832 14819 19596 17290 22751 18124 21095 
24786 30501 25939 22827 17478 21684 23784 25174 27078 20938 
20834 23835 22086 20596 11535 19287 20614 21606 26939 16334 
30618 27403 26757 22741 18396 25941 21963 26439 25123 24929 
29216 32891 31991 19775 14682 25467 24440 27248 30634 25710 
32156 27378 33871 20508 16682 28204 26929 23496 31508 25670 
