3451900 3061322 2287298 2949473 3187639 1343243 2668328 2425841 2791280 3520945 
2940024 3268902 2200607 3152188 2887221 1828555 2592337 2622518 2816379 3092814 
2257662 2403191 1531353 2140145 2448882 1339149 2136485 1672450 1881731 2565587 
4082812 4208738 2844232 2908920 4037814 1817226 3330350 3346064 3237574 4247954 
3086160 3391818 2410855 3113589 3393219 1995815 2860646 2672773 2772043 3183525 
2965697 3235314 2193498 2720682 3071575 1691676 2620493 2198076 2110660 3458735 
3667859 3677171 2620638 3149479 3359427 2000102 3177647 3150512 3322174 3537919 
0 0 0 0 0 0 0 0 0 0 
3128144 3623039 2561518 3064966 3177694 2063376 2997469 2791960 2838007 3292453 
3247999 2997409 2280046 2844185 2826146 1675569 2494468 2711635 2548935 2842803 
