68653 70691 64448 77904 74859 81651 77919 60792 84957 81597 68386 82422 82691 84234 83132 81618 69944 83885 71170 84277 77775 69709 76762 47603 83013 64985 75652 66247 79282 80096 
69519 75493 66175 62981 81230 75631 73042 66533 76147 67408 76900 82837 80161 85590 78212 76452 77547 80484 72819 80521 79955 63084 78566 43840 89390 66203 69933 70075 76361 79530 
71562 73223 71275 75231 81002 83680 72924 77391 79639 65843 71735 87254 78018 91741 78606 78757 83107 85844 73075 83697 82820 71934 90327 45631 87040 66517 65440 70102 81372 83169 
55591 60115 52985 63970 63222 66205 58320 68218 68187 57733 59646 79916 65342 80336 71026 68851 61737 70017 62372 66710 60937 64066 69104 43868 70452 63610 59532 63386 61109 73411 
50287 65877 50760 57647 60769 71183 70621 62318 63375 63461 63682 69654 67953 73381 74227 65251 63027 71350 50532 75465 71284 55172 68763 45734 74657 56344 60714 66471 60447 64271 
69059 64138 57886 68224 74205 73059 75965 73324 69610 76700 62521 76128 81751 79330 73570 73821 69173 66569 68103 82167 71479 64827 74689 53836 76876 60328 66920 62994 69980 74359 
65788 68039 63615 73771 74025 86178 80130 71981 78892 76397 68159 86736 82525 96524 88742 85108 71805 80800 75658 81613 72428 72152 67477 57377 88014 72508 78837 78158 72115 78180 
61266 62209 60519 56839 76278 71823 75459 69465 59272 63933 58060 77345 69972 81004 81007 76397 76230 74891 71954 69228 75817 60017 63055 50662 83297 59851 64656 70410 67077 68715 
59486 71770 68773 66252 71158 71279 73437 65470 75859 74698 57756 79195 65419 87395 73132 72344 72004 78850 70625 71760 77368 68497 61990 52872 82766 63167 72041 88504 70990 67078 
54564 52472 47385 58609 64626 70670 64088 55986 66421 56259 63657 72119 66074 78141 74467 63783 62973 67922 58556 73061 59995 55451 66828 45678 81490 55175 68786 63741 64628 63730 
66563 83884 71790 73117 76682 79697 72802 78697 88768 76765 75862 93468 76911 94958 80500 72268 78901 82406 79867 84034 83413 72809 83634 57933 88821 65718 69746 87717 83450 89318 
67482 66035 52701 67323 59752 73345 71795 55042 72557 73111 70276 75377 72729 79736 67886 71658 72918 67143 62267 79898 64490 52081 74984 51127 76887 54525 63953 61845 67699 74457 
66275 76641 62491 71166 80317 77040 79805 66814 73634 69978 65196 83272 71644 90680 83175 82339 83608 80905 75063 80400 80027 68523 79492 50629 87526 56464 71434 78496 72311 64548 
73335 71814 65885 72203 69416 77253 72237 65819 79523 73358 66464 75701 72438 84967 81603 82616 80009 81161 73804 82759 80526 67482 85991 50691 91846 67360 78985 70558 76015 73465 
72825 80113 71596 80656 90267 91216 93693 79439 90215 86769 84374 96551 95866 100681 103697 97987 90677 92706 85645 98765 89762 82578 90105 67352 103534 80527 91783 88170 85966 91661 
64209 71444 69497 80212 71659 75978 86531 62834 84278 83533 71832 89451 79684 88981 87463 82531 82036 91269 68339 88764 89608 61832 94032 51042 86038 70985 75828 80312 78285 86228 
77083 84416 80225 75618 78144 79192 80705 73091 85466 80438 80106 86032 85740 98615 84183 85060 83138 78024 75863 90880 83256 74849 80688 51948 94045 71520 70407 83967 82942 73837 
57571 76116 66408 65060 71128 81456 72434 69810 76983 65929 70605 80179 75564 86210 81629 72405 76605 77660 69339 74433 81999 71511 76590 49906 82599 56892 65997 77616 76950 70583 
71068 69759 65872 78387 77657 81575 80161 73494 86793 76213 71994 84273 83985 90617 90116 88371 81722 83295 73002 85296 81256 70480 90671 51604 89074 70509 74873 73697 76951 85002 
65896 83203 74076 73354 85826 92712 87732 72522 86130 84140 73965 97835 85287 102710 93020 86720 80542 90673 72863 87833 83605 70835 82354 56706 90875 68464 84159 85692 81375 76646 
68801 73734 71908 81744 81922 78075 73033 65382 87881 75214 73080 88546 80302 101741 85065 89473 75826 79952 75957 86705 77365 78548 78269 57937 91509 74924 78752 81818 74857 77877 
81457 88110 85218 81886 92043 91768 83067 78566 95870 88390 81017 96155 92661 107924 94228 98166 91041 88024 86111 96797 86014 83909 93870 58023 100114 73985 83469 85708 92621 86985 
63896 65346 57022 68296 67940 78637 76509 75832 73712 66342 70352 81489 76170 84052 79840 66698 74086 77656 67840 81555 74890 62739 84390 52087 85416 63127 70241 77182 72933 72562 
65031 81158 72977 75498 67219 80606 72742 72134 89485 78182 70877 87323 84580 95861 86625 82005 78581 77627 69557 92094 77271 73842 96518 60206 83046 68421 75995 78893 81351 78889 
59629 56956 56189 54402 65817 58779 67534 55636 66290 65374 55325 68732 63642 61289 70265 60389 62178 61521 57205 66955 63496 49697 53259 44412 70774 48312 55410 62896 65071 66420 
72323 81661 72239 81032 83309 82329 93706 80652 84824 86662 79871 97353 99086 90506 92762 85688 88657 88905 87564 87769 92761 73809 92331 59133 93774 71156 81793 85321 89199 89929 
56048 52918 44694 59493 63805 58486 70716 56533 53475 59722 60770 68186 66557 64675 67444 63868 68189 61238 58347 68459 65093 47508 67311 36036 68139 52211 54235 55853 58860 63233 
68217 81062 74218 66748 78694 84255 81690 72315 84208 75024 77627 89223 77539 96441 81391 77043 90589 82271 78562 87447 82963 68787 87016 52939 92729 65421 78414 88212 83090 78031 
65585 70694 64277 74986 80781 77781 81997 77318 84045 76199 68601 86908 79231 94410 93299 85245 79832 89881 73767 83666 83949 74276 81783 52030 96247 73846 72963 89319 75309 78381 
70984 65153 62680 65157 76747 80089 79059 70435 69356 75551 64517 77534 74335 82435 85937 73588 70779 80522 73138 83967 80080 63537 67579 47680 92368 65009 78281 69007 80751 78229 
