27272 26165 28255 36044 36024 27414 37542 16914 30269 31435 
32088 29610 30129 40208 32519 33317 43770 14533 37008 31431 
23999 24366 26743 32409 29804 26720 36285 14281 30036 28854 
25522 24128 26255 33810 34700 24228 35972 14294 30943 32013 
22660 24788 24823 28928 29836 23672 30751 13191 24853 20218 
12034 17348 13534 20150 16346 11709 17543 5775 18253 10826 
14953 18621 14794 26749 23558 12552 22953 8022 23699 16870 
21490 28223 22875 30183 25089 22949 29072 9391 25607 20070 
24828 24114 26306 34036 32344 23567 36753 13243 32642 33031 
27729 27468 28032 38593 32840 28647 39090 14027 32796 29123 
