88323 64632 51872 65093 73981 85404 83063 79328 81978 66569 73372 72893 79252 77456 75756 62117 75625 73647 70110 89201 74218 83121 66772 73617 70456 85001 80191 80165 74010 81519 
84941 68364 50731 74574 74371 98232 79199 85769 80394 73224 76164 89768 74005 66604 78477 69195 69000 80659 76433 85374 69604 83601 57996 70818 77118 85704 77891 84808 74360 82744 
91688 72689 50011 73353 82575 85187 85920 92158 93241 83249 77990 80167 76751 79559 85331 75663 65554 76042 84524 90032 81367 86590 67696 74634 78595 88246 77794 83164 87067 82059 
91795 71530 56395 85232 81897 91862 83933 89895 87104 82527 78798 86742 83084 71743 86621 73954 70874 86724 81387 92781 80084 91529 70241 74362 87344 83688 80807 89138 85516 78993 
86662 62533 52842 77121 76411 86693 78031 79654 77454 70222 59819 78529 72308 69571 76398 66272 69395 77424 76645 89450 69040 81790 66900 66832 85411 81751 74560 80532 83583 76528 
97897 78746 55528 78401 90894 88693 84752 101317 87646 89250 77980 88778 80858 85721 82494 74978 73327 80471 71450 94971 77414 69168 64969 80926 82213 98293 79261 92111 77480 89404 
97455 73097 53598 75471 78417 96888 94900 88767 92718 77652 80148 92934 82727 74919 77984 81043 72383 79241 82021 94960 74614 86121 71923 76454 87577 90183 88158 80958 83236 87528 
100979 72971 49455 72328 78115 97570 93832 88147 89808 79000 83209 85824 80352 83889 87478 69338 79706 78698 79347 102019 82918 90755 60947 86224 74849 94592 78082 93539 79761 89223 
82675 63372 48120 70459 77570 94025 73893 82750 79602 71449 72275 80642 63755 66140 71573 61403 68159 81422 65041 89396 72628 81898 57215 70515 77454 89921 73596 83402 81523 77197 
83610 77584 57248 73593 81857 95954 93148 80643 82716 80564 70463 79703 73201 70252 85849 70501 74868 84204 74865 93878 76402 86218 59985 79363 77646 88222 80876 83726 85656 79171 
84242 62818 42688 55199 73050 86046 77289 81072 72489 75282 61964 69610 60693 67201 74912 68692 70084 66276 63426 81708 67026 70420 54502 67254 65580 82730 62860 78017 76941 74631 
78326 69527 46489 70828 80006 91467 75557 82869 82119 70482 68970 76759 70876 69888 80534 63089 67544 81031 62124 81913 76705 77586 59567 69723 69368 81876 77873 88322 79893 79748 
79537 65376 49379 62629 74073 74830 80402 78904 76762 69405 58726 70950 69287 72791 66081 65654 66036 67561 65724 79486 66686 67749 62082 74970 76816 80135 73399 68008 74017 74302 
93536 71259 51503 76182 78181 96999 86364 77444 94587 74229 77716 88174 77432 72370 85009 76077 72767 81534 81889 92132 68734 90421 64169 75554 80431 89476 84075 85291 84335 81381 
67218 51216 45320 68362 63126 75256 52977 66788 63134 48244 53908 65411 56266 52922 65304 53631 54216 64355 59838 67977 54802 60424 49203 50741 67840 57897 64916 65085 61910 62010 
79166 71636 41071 76793 73997 84246 81449 87331 84194 82897 70562 74025 67461 73783 77147 64497 67962 74150 72563 85163 76468 75219 58890 80094 66331 78639 69533 89238 72918 85960 
64827 48027 39924 56032 57963 70355 54694 64258 57371 57804 49378 71084 54919 45571 65634 63175 51092 63672 65386 69328 49351 56276 43534 55734 62458 63471 65336 61569 66768 58487 
65859 52685 35889 52512 63185 71357 65793 61865 60753 54029 48399 50888 46157 53175 53403 45623 52482 58269 44696 68400 57445 62611 49643 50344 57386 68384 55641 59830 60256 60685 
72360 61623 41488 71143 66624 84372 70447 68815 75120 68307 57726 70290 62857 62163 71669 56751 63406 71976 66643 80474 62775 73158 56781 63092 70408 71521 66586 79610 74281 71122 
72732 66202 49015 67306 71008 80662 73551 66923 72694 64743 62251 73470 68120 63030 73529 60393 62257 70031 60335 76563 63786 72198 50564 65470 67120 73628 67308 67559 67453 63054 
92448 70608 55970 61840 76822 91386 76661 86670 85755 71103 76838 85842 76566 73964 82500 74842 81902 73791 75756 98155 72858 73034 60384 77772 72784 94743 73183 82957 78904 81731 
91272 72991 53456 77100 84817 90268 87139 92440 89751 74917 74446 77933 73502 82036 78135 71057 77598 77647 72375 90906 84535 85843 69381 82745 78616 88699 79290 87483 82327 87408 
91107 71592 55428 70791 77146 91794 87112 85731 75718 74317 66421 74361 74386 70795 75133 68516 72148 69271 76580 82056 81587 87169 71894 69942 90138 78547 80309 75390 80313 77326 
70793 53267 37897 59440 64872 70366 59397 63431 70232 58829 56192 65869 54338 56620 63553 55244 49115 62140 59795 67739 53717 63348 46221 59375 66725 68160 58019 66429 65815 56033 
82249 48762 42227 60347 67325 70912 61043 72816 68836 62675 60969 63002 61118 61632 67509 58646 64142 60092 66783 82673 66286 65261 56893 61115 65563 77220 60557 70883 63712 75233 
91384 69352 48026 77152 78897 95462 80832 88617 86976 75278 73761 87123 67537 71485 77850 74328 69292 78467 76660 93181 69656 83751 56417 72754 80394 86300 72435 84946 82152 81424 
75274 62564 39744 69116 74356 82783 69387 81210 80921 77884 61637 75056 63588 68688 70723 57319 69429 77086 58507 82448 68214 69657 61305 80186 67749 84885 61031 83498 77347 76868 
76960 62625 41846 64815 69874 79081 77954 76280 73178 75111 59094 79712 71457 64657 79656 70882 60369 73077 68976 77069 66521 65681 56419 67294 70000 75548 80296 67274 79314 67852 
74846 59976 52016 59881 69337 81214 62423 80774 62208 61465 61958 61916 58549 65545 67122 56013 67838 67300 74379 79354 63800 67852 50785 71452 69325 74415 60497 74496 58878 74733 
92374 64940 51105 58965 77684 89045 72925 83495 76844 71371 71850 85726 70943 67731 84229 83190 59190 70957 72189 84703 63498 78742 50257 66098 73946 74483 73330 86814 82521 64563 
