3223112 3267067 3414967 3894106 3208147 2297074 3624648 3106628 3377475 4406177 
2335926 2304999 2557931 2612211 2789899 1846930 1986169 1867182 2696795 3187584 
1967553 1757886 2500719 2452984 2195912 1743809 2480842 1903433 2403333 2910932 
1656106 2092656 2012925 2367996 2205933 2287056 2348791 2428723 2248954 2854738 
2822306 2747759 2851119 3112797 3460204 2418893 2687568 2389725 3355490 3523184 
1483189 1834474 2775882 2684330 1901714 2078755 1920028 2340573 2542793 3288817 
2644523 2570025 2514100 2697938 2826975 2161875 2579745 2343364 2896442 3386015 
1860931 1938905 2311225 1856936 1879708 1408366 2204950 1790241 1506045 2633238 
2106846 2072037 1968380 2840108 2210184 1715429 2332615 1925627 1787520 3127192 
1613337 1395021 2112452 1916325 1814294 1592935 1188073 1386475 2107210 2594339 
