65955 71136 72370 72250 61298 70576 80548 53026 54046 69919 86078 54617 70762 61319 75323 74361 67209 67500 67186 69756 62282 75877 76212 59504 77260 62542 59432 74421 70044 78194 
73988 77551 70571 72595 68852 85663 77456 62213 76472 69874 97699 66541 82267 72127 77928 74475 66399 66045 77403 83007 62744 85108 81476 68504 84443 72495 69724 72162 77546 74170 
88979 84599 73753 87098 73939 88526 86482 73315 87949 79292 93946 59833 82385 85684 76651 89660 83011 78184 74082 84005 72692 89731 86580 58878 72950 72196 69476 78063 70398 79679 
66801 75267 66189 72054 58254 79437 74070 51003 76647 63215 83975 57743 70353 69990 73072 73844 63230 67260 67703 71241 56880 74755 72066 53290 67836 69072 61058 60838 70691 64319 
65765 72445 66696 69767 59167 78461 75034 52141 63867 67917 77030 58402 69948 66392 76899 66869 59654 61281 77049 75093 54138 78004 75822 47555 73340 63150 58052 63373 60388 68407 
95283 90554 88626 90839 78552 98283 102553 64560 91672 81015 103298 68721 93566 81269 87920 88362 85129 82358 80877 90724 74691 91221 91521 62086 86507 83164 81292 85343 89211 97090 
72363 84239 84567 93377 66480 82831 89924 59820 77735 71775 104378 67562 78435 67754 76711 83698 73862 71918 79997 87196 65905 93494 85110 61307 76529 78777 71356 78703 77588 86861 
78798 73317 70188 68311 60116 74477 78748 54703 68343 69138 81544 50977 78777 69970 78999 70426 59497 70174 59902 78644 57352 77239 78184 57954 71292 68565 64456 64975 58205 69889 
83540 78083 80283 75532 60051 73439 83165 70590 73781 57461 78903 54690 69927 82616 71776 62954 68142 67057 76639 70350 61741 83545 83251 65306 76830 66498 66143 66977 60782 68124 
64108 76524 75202 85332 68145 69808 82612 61739 77646 65155 96082 56860 75143 58682 68814 79769 75019 66324 59779 72543 58054 78983 79639 53532 64897 69785 64560 64638 74136 73930 
87302 85475 74559 78451 75993 88380 80880 65203 74568 83342 97418 61572 81481 85573 86031 75088 69555 74892 80284 89221 63957 93918 93637 67255 79927 79112 71054 77386 72453 70433 
73758 65434 65612 73586 69707 74620 79228 60636 71039 77565 80941 56157 72526 71320 74782 76570 66858 68646 80377 76991 56671 83793 68256 55152 71149 70968 61446 75496 68632 66814 
80548 77806 82718 78844 73384 82568 85433 69972 86900 70229 96731 62050 87660 76759 82484 78458 76766 69553 73929 84672 59654 89307 78663 67455 83310 71770 67625 73581 70556 74882 
55877 60270 67433 73760 54777 61067 64032 46706 58940 57183 78644 57971 63856 51831 64124 59913 60555 55381 60747 66919 53615 63791 71712 41130 63197 54684 50539 58472 60723 59769 
62503 58987 54384 61850 51127 59888 62404 51587 52594 61941 80783 40525 67306 49235 60654 72149 57523 53530 59109 55054 49240 70922 64924 53594 61408 63796 48042 64279 54917 58975 
62360 62928 56739 65252 52653 75609 74569 47245 53970 57703 73140 48234 57401 57024 65028 66240 60480 57037 59958 58031 54595 66102 64811 40901 62502 61801 52477 64071 60310 70305 
76193 74862 75499 79373 58132 73863 79947 62633 63120 66654 91304 49002 76516 79281 73749 68406 65573 70980 62487 63812 60010 80129 79349 58634 66481 68555 65341 72062 62583 67011 
82913 70394 81564 79173 65886 80041 78000 59226 81762 72001 100450 74326 82670 79253 76338 80015 70495 70401 80138 91459 67994 86244 86733 60410 81684 77436 70640 75455 72926 68729 
82920 85571 86822 77672 69280 83817 87248 64825 84803 70581 94458 65670 75035 81326 81632 68593 68169 71662 78037 83516 72534 89111 86683 59944 78367 74906 73135 69786 82609 79043 
76741 71826 71471 78906 73204 69727 85779 73280 79064 67167 91676 53339 79435 67224 68977 73367 69976 69010 66770 80540 64131 89523 79678 67600 77586 76265 70405 71964 71304 73561 
73444 78282 74217 82213 73846 80279 83184 68523 81458 76346 93325 67200 77397 70162 81254 75644 69628 67677 69147 85811 67034 76507 83625 59702 81036 68225 61904 72897 81669 73916 
90070 89735 92132 89332 74143 88930 93949 66375 80043 76858 101440 65192 88100 85352 89481 82664 81093 80430 79812 90243 62716 94081 89657 68991 87895 76263 72071 84825 78476 87014 
71913 73580 75378 74139 56400 80027 77986 53425 70286 72385 97739 61738 78564 66528 77817 73969 60760 62602 69609 71382 61031 78111 72711 54817 77618 68276 58077 75108 72640 75196 
79327 75966 74719 75081 67706 79798 80890 68057 73973 68585 92213 61089 79364 75388 74771 68526 67597 66613 68818 81699 62234 84921 83646 64352 83075 71870 69812 72963 69941 74149 
93045 92140 91454 89396 91086 91427 99364 80158 88615 82850 107889 69616 90191 92772 96313 84799 83876 89009 81922 103124 76161 109543 103876 74162 95296 83348 84309 85443 87817 91610 
87700 79646 82923 85334 67079 90835 93897 65335 89115 61457 90588 67716 83015 81396 79324 76076 79056 75736 83783 77749 59356 87719 82363 58237 81922 71886 67185 72954 77532 79138 
75275 73678 85510 82141 68360 73924 84820 55285 77447 71532 98457 62816 79205 76822 75705 75773 67068 76827 69311 89393 68474 88901 78621 65499 74529 75467 74350 69053 71366 70972 
79621 88147 77057 95141 76237 86685 91343 66418 80392 68285 88746 61316 72725 74508 69775 73494 80653 73572 90319 82026 65411 92194 82256 59993 76479 74530 74210 71160 85400 80277 
68558 70045 57959 69809 59010 66725 68310 61913 60896 65403 74367 50231 69070 61306 60879 68454 65749 58937 77775 67667 54995 77359 70409 64602 69482 62832 56965 67452 60898 65941 
74928 71874 71149 71270 64526 76447 68229 58530 77669 66192 84160 67021 70535 72260 71394 72109 68173 65672 72248 81672 63319 75394 82093 59576 73939 62908 60185 67227 65065 64045 
