80360 73890 72298 79935 76882 87254 83090 92552 90077 93141 75050 67051 79997 76793 88535 63025 71611 74743 84143 71964 88108 85207 80835 76211 85068 80131 70169 76603 82727 80051 
78035 77405 67879 78895 77931 67490 78605 89069 75017 96126 65847 68331 77844 66510 89411 59747 65397 76349 81623 77498 80177 73514 71376 65363 74421 64638 77475 72275 73426 77812 
73242 73435 62321 76466 85477 77374 80935 89228 80311 90323 68058 71462 87711 69934 89175 54536 65185 81287 84605 74552 80607 78200 68786 71291 74575 69204 74478 73262 80107 77227 
59888 76249 62870 81193 89846 78315 80395 80536 87006 84569 68744 67878 85769 59978 86956 51255 64527 76185 81189 69834 76888 69879 60300 70446 74905 66350 69664 74770 69805 73480 
90269 75897 72620 84770 78329 85193 84380 94897 82298 91246 73945 77599 86697 70047 95376 64393 81211 77726 76323 84597 76505 73071 74141 76288 79276 77198 65808 78139 79799 77737 
55622 59787 44133 54863 58219 62785 65692 66704 64093 71862 56442 56705 61777 55433 64099 40914 60433 50299 60033 64260 66169 54359 53923 47154 52558 53937 55441 64065 54776 62014 
64301 66266 62188 78568 81684 75970 72581 81306 78635 84187 64998 63685 78778 65929 84335 53141 65938 72723 76672 74364 78745 70704 61626 65381 75316 63821 62758 73027 60805 68372 
86342 87585 75720 89351 95827 96874 92894 109890 95983 104546 80266 87578 96450 72817 96993 69277 88333 86996 94189 98828 93321 83547 77443 80939 90210 84879 77939 91083 90888 98261 
84532 80579 81198 89385 88388 86781 97501 104590 96452 112491 85540 83226 93531 77772 102989 67530 85010 83387 85106 93257 89839 86376 82237 77623 78319 79602 76901 90239 82675 90705 
86474 71045 68815 77599 73116 86332 83861 97019 82641 90078 73551 64916 75854 69750 85192 64848 74564 73389 80390 72805 73756 81206 72958 75017 82284 80067 71980 69101 85235 75109 
73326 73444 59875 76745 78683 74323 84371 90114 71293 91963 70776 69089 73522 56790 87423 54467 70080 71923 80229 71117 77671 69142 63336 66474 72916 60853 78335 75668 74358 84191 
77084 81864 72087 83311 86697 78913 80881 89950 88696 99735 74977 76433 84750 72307 93964 63328 66557 74469 88384 86163 91306 85670 82166 75760 85767 68134 82805 82338 76446 86311 
56463 41470 54211 61968 72697 64909 64649 71630 67313 69703 58083 61587 79758 50598 70523 53772 59408 69861 67954 69700 59556 74099 51209 59717 62197 59150 53641 55183 62066 56845 
57373 62666 60610 66402 59719 67517 66802 70763 73747 72404 60953 63713 61769 51490 68981 52164 54050 56821 66438 61121 65950 59848 52297 56107 63526 55795 61020 62655 62371 66113 
73792 67589 74619 78798 88971 80070 83879 95999 84683 88517 80222 73873 89013 62362 81977 60392 78695 76711 86384 82128 79156 84016 69889 71507 76768 77298 67972 72516 87106 81885 
80449 77827 71033 86684 98055 87653 89827 104557 88245 100684 79492 83700 97792 75442 99493 65945 79675 88712 93409 86821 94503 92205 76343 79256 85975 77699 76830 81252 86495 87576 
83710 82932 84053 94693 94298 88255 99692 97202 95292 101590 88540 77731 95625 70872 103060 64350 86084 84289 96972 87470 101266 89693 79671 72038 87721 84005 84133 91235 93353 95081 
75217 72065 61460 79087 87597 75451 83102 91880 86597 90726 79144 71300 84636 67534 92410 53168 78858 71674 76993 80078 77748 71167 71856 77114 71580 61728 67562 79451 72620 74772 
74880 66946 79319 73979 70838 71008 82409 87668 84582 88946 67380 62749 77783 57904 85370 61127 62332 69866 75415 78530 75463 82440 70390 71495 71737 71501 76526 72972 78778 78122 
81407 82536 69349 85297 88492 82223 76279 88545 84468 100943 75918 80001 78700 75126 88129 61261 75795 71352 91627 89329 86078 75990 80208 70291 80830 74071 79723 84889 77269 82311 
61881 60177 64342 69243 71469 70902 72629 85302 79664 81815 62538 59214 78472 59568 76628 49148 62856 66508 74957 78339 77502 73395 60756 69382 63366 63150 65805 70004 69999 74216 
78245 74484 58120 84180 101033 93005 85452 94616 87070 93079 74545 85820 99002 73477 96017 63442 82702 86120 86798 88509 79455 84538 72293 77529 79541 79132 75475 82287 76627 74934 
76503 73680 63746 81019 93461 87238 85859 96681 86537 86658 78668 75781 86165 63738 94346 60931 74978 78333 89616 80525 88597 82700 76116 78713 87309 69389 77146 86009 82566 89982 
65893 59880 53381 66012 68967 72599 75648 87231 66248 78058 64977 61700 68154 57930 72875 51154 65268 68522 74573 63890 81260 64149 56234 68333 68230 55634 61380 70662 70638 76812 
94471 84869 78026 84122 88672 91346 85463 102295 94048 105656 78645 89821 92910 76788 95198 71345 81704 83809 92731 98801 86428 88894 85547 78101 81820 92189 85289 86760 91739 87790 
75182 74819 68353 87325 99061 80036 76798 94059 86067 104031 76571 89755 90108 73061 91240 59189 74329 81362 94333 94131 83511 81760 74924 68638 77983 72537 82182 83510 81277 88848 
58285 73207 61211 72254 81099 63875 68783 75994 76288 78201 63389 60277 70205 52795 77763 43224 60108 67731 77276 69571 70928 59014 64030 60188 64447 59683 67573 71643 68492 71498 
73931 60208 62543 71757 84602 83218 82200 85316 77646 88306 77641 75978 81791 70688 85190 66336 67416 80138 84171 80117 91748 87612 70339 70568 79360 67620 72658 80758 78676 80777 
57773 63500 54480 61972 69621 58877 69353 73656 68607 72703 65840 53542 59491 60347 69766 45466 58297 56300 73764 54522 71227 60824 68648 52534 62177 55398 61699 60263 66554 68906 
64190 75960 66105 72976 75242 65408 72610 88654 76333 91958 63107 69789 74463 60872 82126 51684 60752 70217 81856 75038 83573 69212 69966 61329 68280 64900 70368 72678 72293 86147 
