81565 71833 70626 79412 71904 64757 67873 65195 66476 78656 67165 65292 77482 51652 59771 69405 75932 75480 52946 74747 64643 55889 80901 64017 56345 63290 61035 73059 66424 82865 
70592 58355 63475 72733 61100 52192 61688 59724 64008 73058 68042 52899 63671 53915 46273 75278 69808 66334 48153 55737 68057 53383 75119 48518 54557 56079 57914 67612 58947 65974 
58936 41589 53003 58844 39796 42930 48372 51860 50288 68264 52732 43290 54560 45734 41660 58179 57991 56112 38755 53112 48449 43168 51232 42391 46908 45948 50404 52752 42563 49727 
87919 72463 71999 94051 72330 62678 76804 74430 75045 101743 78304 67542 86723 60801 67277 86029 88135 87151 61782 76866 73111 68102 83494 69477 67921 77820 86625 78697 73184 88991 
89586 75742 74340 80678 71505 71605 74607 79542 78794 109383 79294 68250 89020 60374 75946 84570 85578 93582 64576 76530 79067 62775 81484 72293 68114 76816 79334 80658 78240 83990 
93695 70243 84194 102899 85476 62233 81314 89608 66125 90952 84622 74042 84483 64697 59473 89304 101435 84816 72827 72739 77396 65481 91619 72523 71666 80241 73772 88426 75348 84840 
79715 72881 64885 89499 68803 61747 73803 75849 66128 93478 68182 65645 76893 57845 54333 74019 84626 79439 57579 71059 63615 63388 73752 54280 63557 72561 65118 57982 67133 80495 
72128 67414 68204 72556 63500 55353 60874 72309 67121 91826 75716 59246 79680 45634 58820 66105 70553 70739 54891 61550 67595 54748 75330 65627 53725 60321 71421 65607 76966 75523 
91960 72056 81428 96253 77362 69688 82322 74127 79913 100513 73206 65143 88515 58997 69526 84076 88304 85839 61087 73542 75709 66381 79589 69524 67301 82615 78547 79011 81350 73927 
98345 89058 85434 98950 87624 74097 81312 86960 82266 107676 80338 75468 102051 61168 79094 79941 91287 90021 68836 85321 77062 72019 83773 72359 67739 84843 81133 78883 84575 85727 
71866 58423 62550 71792 68175 55275 59469 65575 59834 77601 62165 54276 74321 51914 54429 64928 72693 71342 44612 65186 67132 54846 70112 55865 57573 60094 57051 64683 54202 66248 
96153 76573 83114 94976 72848 72075 80775 76113 73471 97344 74706 67008 83265 65958 66322 88479 84078 84427 65205 80327 74084 62620 83828 68194 69346 75740 70654 83573 70912 76288 
73419 49363 66270 82121 59024 51102 63875 59107 63640 74772 61796 51258 67276 54138 45388 78349 70071 70528 46850 60527 65950 50203 73991 60312 63603 61275 64823 67791 63013 56108 
72417 60511 69419 71791 67998 58067 60324 58200 56961 83418 49613 55859 66865 53046 59798 65792 73614 64138 47290 60955 63652 56503 59419 57736 51573 75525 56575 61498 61808 65689 
101487 90554 86869 100690 83165 70112 89460 91002 91446 109270 96647 75749 88895 76962 70515 99902 107840 95820 81723 88794 91122 72124 98791 81338 78030 79079 92018 97444 86920 95114 
91076 68674 73270 87971 61293 50129 62666 76818 64326 87143 83428 68310 70259 52928 54205 81995 90324 76273 66517 75478 68687 54843 80819 64677 65486 62073 72750 68291 69984 70885 
81695 66913 69955 81660 64219 49661 67001 71486 66600 75481 65897 55387 66560 51876 44411 72526 82712 71468 59982 67058 68992 56664 67483 54950 54606 61893 65792 68579 60026 75030 
106017 80995 87365 102623 85998 72231 89629 82622 86319 105740 84630 75391 90466 72753 68397 102402 105615 105393 75875 86131 88976 73893 95944 71451 75279 77728 80622 101312 81517 97016 
79604 72555 68678 80948 70977 53428 56652 54203 62692 75224 65047 59392 74533 45847 55899 71631 86575 77272 67649 66955 59614 45242 72660 66689 51594 63651 62787 73426 63340 64273 
89651 68389 73329 84346 70215 62683 71262 71951 66312 106235 73135 72759 82723 61590 68290 78980 85119 77770 57545 82788 72125 65318 70119 69535 65097 80668 73667 74597 75907 71356 
94523 77776 81057 95323 79140 71336 87278 75478 79220 101629 80623 68908 82816 71192 62887 86717 92255 88121 72207 75768 82871 69843 80489 73491 69469 79880 75157 89059 76454 81187 
78392 60152 71559 84685 69336 50029 64464 66339 56061 84824 69199 62609 67710 54411 47986 77506 80078 70996 61712 66075 69117 58390 75427 63705 64749 56386 61627 73069 75373 70824 
88453 73059 73104 104085 74998 61017 74099 73565 71976 93655 68966 71910 81170 56494 54711 79735 89361 87549 69141 78330 62492 61429 72091 63853 67401 76491 69107 67012 71346 77062 
92353 86129 79707 99897 84282 65457 87750 83385 73216 104034 74324 79869 87520 68506 62844 88633 94049 86784 63262 86595 80757 73208 92169 72144 75164 80403 75539 83232 82610 89914 
89736 69425 77857 77815 71695 55435 69559 74925 71469 84820 72665 67567 68040 60617 59307 77651 86856 73620 61843 74241 75486 61965 79956 64934 60138 69096 67612 79660 67951 77544 
78388 62199 71031 85449 64547 56501 72090 68540 72854 83426 77050 60309 77466 54639 53149 77182 81107 76131 59530 65020 72826 58593 74047 59510 60441 66226 67425 71607 65876 67835 
82810 66716 71652 87352 73691 62688 67713 74455 68495 95443 83273 73883 83702 66027 71414 85744 80236 78892 61074 75379 71821 56246 90368 63462 68497 70645 69975 73059 80844 80648 
89059 66829 77104 88166 67373 67133 66345 76416 70309 97978 79320 65390 79273 56913 67259 88106 83571 83321 62251 72876 71979 63827 79426 68622 70301 70625 74931 73287 75244 74790 
86703 78390 85674 109061 79663 64233 76145 75689 73257 97066 79317 77065 93103 74661 60902 87042 99623 81879 74993 81905 66703 64725 79360 66597 72313 82386 68554 72884 75828 72484 
101544 86310 91458 102656 85535 77626 82434 81836 82236 110290 83268 76012 93625 66862 73912 100294 102925 98385 80952 86737 83692 71588 87422 84778 75889 85341 84417 94750 88878 87816 
