3076305 2537968 2142247 1807880 1949547 2956370 1948892 1939647 1732497 2073818 
3239579 2108131 2141123 2136371 2234370 2975340 1622293 2570083 1882462 2710514 
6205673 3858866 3967741 4099994 3897736 5447828 3804721 4478442 2923953 4404582 
3978465 2279022 2323551 3131558 2433139 3453146 2219536 3257956 1743019 2846476 
3519601 2181907 2138006 1974789 2220360 2912729 2516757 2297229 1274229 1929056 
2442790 1857903 1693450 1688741 1629338 2249260 1666195 1928731 1174497 1665435 
4199646 2035116 2196735 2621612 2311277 3259074 2363117 2998378 1597301 2763877 
3118195 1846347 1788628 1946395 2121548 2881414 1835913 2352158 1320549 1934689 
3907620 2767837 2618218 2798088 2387359 3569753 2337396 3038783 2211947 3188838 
3508761 2800124 2294115 2501346 2477087 3465722 2007353 2906215 1855486 2489219 
