2099320 2406929 2810169 2257537 1259565 2505524 2746580 2700960 2927031 1627777 
2530402 3187750 4030398 2861091 2850263 2616707 3245017 3632469 3520818 2980158 
2575330 2551149 3105198 2080452 2688468 2525508 2613117 3286120 2793618 1880389 
2474695 2444164 3446237 2457672 2309011 2330654 2708187 2833365 2674183 2464959 
1971681 2220454 3222477 2140588 2250003 2392725 2579621 3044519 2547972 2236373 
2078486 2740935 3473229 2795246 2795047 2461658 3101740 3341942 2981316 3191896 
2275097 2137413 3456747 2375407 1741276 2486494 2474128 2660249 2805354 2075205 
2438510 2282828 3325753 2274361 2863420 2579421 2659082 3206951 3012888 1933162 
2542181 2784906 3780746 1855130 2660603 1969952 2611803 3230659 2991040 2580745 
2587542 2828799 4209311 2984347 2529944 2908505 3219586 3482129 3691265 2910898 
