67384 65794 83322 80003 82598 69459 75405 77778 69595 81991 76576 66742 80391 63558 62899 69035 82829 57979 68784 81550 64903 69314 69903 77527 53705 76884 67224 67240 66236 62024 
50746 57088 67583 56745 71681 68676 68234 71116 52640 68205 64605 58720 68243 58332 52291 57287 72260 51633 56964 68962 52801 56438 53711 60279 40593 59940 56861 58597 54203 65287 
59280 71745 87549 71842 72854 71972 80480 79390 65645 81001 77087 64675 73689 68944 60207 72234 84364 65217 62553 81089 66043 60095 57142 68653 62656 72793 67368 70611 64770 70683 
67160 71250 82981 69522 77787 65804 79587 84417 64694 75729 80725 68469 85127 72610 63436 72454 77351 65492 67506 65944 63382 64382 66389 70262 63401 73199 63783 66038 68292 77029 
64207 65573 87839 81017 84087 66774 79809 86086 71867 80241 82277 65752 86529 66598 59592 67784 76646 65965 72324 72925 68658 64553 71323 76857 64667 74835 67187 71492 71542 70369 
80573 70116 90491 81679 78831 78189 78596 90679 73747 83796 84576 71320 89839 73413 65410 70145 88475 69844 74930 81229 74294 78570 72301 79841 70793 81889 75500 76335 70377 80148 
78117 87021 89213 83933 88906 78343 84904 91225 78187 84759 92097 81035 89204 80416 68012 81700 100463 70087 78140 96384 82748 76485 73105 83259 63330 93204 83510 87428 74327 80089 
71736 79495 92781 75596 90074 81333 84269 88049 64747 89242 91111 73889 80081 71111 73415 76090 93368 63032 73586 87271 71015 67645 73311 86971 56940 83131 61720 74606 74093 79672 
61850 66055 76595 74205 67184 61971 67740 78455 66336 76572 74843 56097 74479 58032 50000 66049 72113 61531 66358 67503 63667 58262 61079 59664 60573 73569 62857 63456 56598 69682 
64955 62336 80015 69840 72500 70889 75650 71654 65510 77281 77632 64152 79351 64929 60159 75145 79086 52772 58463 77735 67857 57208 63992 71807 72803 74984 64043 67844 66207 67703 
62117 67443 86397 79840 76787 72678 80777 78116 73668 81001 84044 69523 86149 61833 64669 67946 80856 66855 74646 82962 63048 64943 61240 71296 62712 82311 68543 72123 71236 66990 
78938 73623 101956 95236 86233 86764 91067 97610 73851 86167 104398 84594 92940 74265 71900 81812 98242 80312 79538 89717 82244 82086 69075 84059 86009 81828 83941 84830 84146 82743 
62324 61414 77027 73324 64461 60755 74734 77897 66869 76044 69730 54951 70893 61011 49337 68291 72990 59872 64688 74568 65264 58009 54400 68460 64644 67603 63824 62107 66943 62349 
60199 51979 76984 62638 66857 61419 66957 72146 56936 67353 74664 63383 76310 61085 54093 63230 74806 58201 57206 66645 51786 59952 54145 66190 52268 58530 60309 63128 63175 57833 
64280 60679 77525 70957 73533 59653 80283 75310 71279 80104 77764 56768 79198 67179 61991 71101 78623 63099 62120 63301 64025 60838 68300 68639 62489 71709 63627 67921 69139 65483 
69721 64851 77389 68467 76604 59660 78080 70144 70210 80480 81555 57383 77410 67000 58797 65517 81130 57436 63842 64546 62563 59256 68209 72833 59025 71451 61485 70990 70089 62369 
65091 63865 80257 71229 71658 68522 76782 75899 63687 75742 82174 60218 76125 62579 60009 70407 76998 61277 58217 69419 67687 68693 64450 68351 62134 75638 67050 69322 68634 70280 
57287 67719 83388 69698 71597 73739 71062 72626 64984 71053 77276 66546 72207 62773 63133 70659 77067 56243 56281 81666 68884 64622 65884 66282 68631 80780 71906 73186 60866 70549 
73499 74913 97709 93095 88560 84260 86911 93158 79434 91308 95126 79851 103133 83362 72840 79434 96696 77920 79236 88682 81435 80510 77994 87106 76904 89207 84211 82768 82444 81993 
72802 71866 83331 77784 80451 68035 76533 83589 72714 82676 82448 69572 76852 69325 66145 81702 86187 69905 68928 76745 78456 62828 63943 84468 67501 83164 71341 69145 74017 62404 
56893 58778 72806 58907 62821 54884 59111 69186 57018 69110 72633 49280 61636 48372 49697 58405 59163 55994 53731 50398 53842 52852 55362 57770 55671 62742 54371 51132 55111 59486 
66237 65548 86448 74963 77938 74923 77474 84163 65479 74865 74539 73287 78756 65816 60360 72590 79276 66121 68320 76556 69510 60908 56124 72150 73420 70265 66604 70168 65796 70792 
57411 58434 77040 73654 66896 79364 76244 83605 60665 77331 81984 58368 80790 66797 56144 63847 84877 66966 67106 79518 65947 64816 59171 69598 66029 69727 66753 69907 66606 75118 
84993 84565 101381 87384 88754 85220 92271 102218 81156 95627 104766 80102 98568 82693 76049 86768 101980 81071 84169 92707 79715 80838 79183 87635 75535 94274 82869 84952 83495 90136 
76979 77634 90764 77577 88817 64926 84328 78072 79584 84244 81143 71323 85224 69149 64853 77077 79158 63305 69381 74117 72825 60955 66564 75340 70441 85281 71542 79779 68567 65129 
74777 71813 90982 85056 90032 68533 80242 93256 73578 80506 75110 80834 91105 77746 70021 73763 86025 70007 80009 82446 77091 71601 72670 92173 61730 77607 65828 73544 72738 63555 
53140 56623 72911 69232 63745 66652 70229 81948 54507 66749 75252 59466 63545 56973 55504 62370 72183 60420 61098 69500 57842 67319 60765 59336 53002 61570 59293 61271 64559 68961 
60649 67309 80258 65220 70063 59261 67185 83212 66495 72715 76183 65548 74828 55081 57135 73611 69393 62964 62404 72045 65320 60797 60592 63016 53432 70329 63065 56322 60210 65244 
69861 69417 75609 64278 73766 62531 78656 77979 64725 74582 79409 68067 75664 79964 63947 72638 86734 66992 60483 65086 72805 66422 64157 75381 55284 71825 67499 75503 72524 66058 
82103 80091 98304 88014 92079 84807 83980 101100 76962 96576 96284 77754 88858 71846 71700 88022 93416 76566 76071 88138 85236 78878 77786 85180 74032 87357 78969 80468 78086 81223 
