36918 33990 26749 33622 33340 19432 34328 30099 28917 30283 
33123 29907 22072 27361 24058 16822 25059 26407 23671 26316 
41141 37192 28523 36421 37563 19085 34420 30747 34070 26140 
18870 23770 16809 18369 21891 11709 19690 13566 18943 17463 
21088 16632 14583 10456 17430 8697 16686 12410 16286 12116 
24405 17945 13787 16350 16798 9817 19668 19470 16609 16194 
44288 35180 28660 32688 39423 15564 30379 32811 30228 26957 
53189 46883 40002 46334 47950 26878 49593 39273 41714 39662 
37680 34334 26016 30965 29474 19039 34949 30372 31072 25791 
42761 36088 31609 36879 38289 20411 38714 30939 32854 26296 
