1641816 2065241 1486007 2046757 1390838 1348347 1902755 907056 1250461 2010439 
2219980 2633766 1736167 2294872 2988467 1956681 2760870 1172822 2369983 1931851 
3072026 3934606 2479180 3018121 2906854 2590527 3978829 1940788 3474495 3574424 
2488574 3133402 2105102 2726114 2309865 2227884 2857006 1694888 2212186 2383593 
2933635 3661403 2500110 2905810 3475322 2345727 3496802 2011341 3471369 2818588 
2392532 3051206 2162952 2407278 2386831 1931070 2674107 1696704 2728559 2370197 
2767479 3375631 2567804 2731840 3015340 2421397 3817968 2185546 3415071 2556788 
2994822 3973048 2225592 3190536 2789980 2448991 3399668 1402094 2958440 3401680 
2194845 2982395 1993560 2392840 2414993 2285822 3051300 1472604 2207062 2730027 
3348420 4009646 2844270 3573575 2963884 2082743 3401224 2153215 3308692 3331132 
