13506 30875 17678 20872 18373 17386 24939 22818 30124 19248 
14181 32562 24731 18505 24553 20837 27532 23986 31423 24121 
13261 27282 24210 16525 23681 17275 26824 23832 28272 24796 
12453 34169 22589 20848 20907 18745 33060 26933 32389 25874 
12913 30004 26504 14761 29524 25290 28639 26877 30070 27420 
14023 37991 19540 26974 14612 18552 31077 29762 33868 18570 
18658 47696 33091 29996 29642 26326 42908 37374 42627 32804 
10017 22993 13106 17528 16630 17474 21803 20748 26447 18371 
11495 31579 18781 26747 24932 21000 26818 19234 28235 24919 
12051 33054 17368 21970 14536 16136 28980 26353 30711 19214 
