3139450 2036173 2410282 1965456 2433810 1619456 2279067 2419455 2247502 2314695 
3271391 2292831 2815213 2234025 2227020 3162818 2630246 2055790 2443204 3005821 
2348102 1570619 2299864 1199490 2183826 1419097 2115896 2481965 2048642 2117562 
0 0 0 0 0 0 0 0 0 0 
1787479 1306545 2191296 907462 1995920 1478571 1939770 1849051 1616924 1718586 
2392994 1825411 2139516 1120126 1877816 2026074 1857290 2056050 1917803 1835033 
4034493 2946182 2807855 2039589 2785846 3077862 2998868 3053281 2630955 2891122 
2380905 1442289 1951174 1294203 2119278 1839124 2229472 2176520 2089826 2449304 
2682609 1686017 2352766 1659011 2293290 2023613 2502429 2210860 1974981 2766160 
3059389 2113621 2766830 1685672 2427194 2110728 2592100 2767622 2482306 2532040 
