57716 64919 68042 60425 59552 57237 48649 61562 66116 53512 56242 53590 60641 67244 52494 65920 70626 63749 68449 63263 65940 65825 60079 57216 55307 57209 65376 58357 67455 61772 
79512 88360 102439 86621 94491 80571 75535 83164 89459 73444 80051 71987 92795 83151 76190 92178 90835 91094 95800 96906 92158 93772 88977 93378 83416 95427 110522 87731 92061 93585 
77161 79377 91612 66194 76349 74281 68011 74666 81908 55386 73495 69070 78375 72549 65692 79371 83709 87104 91538 84016 82745 86588 82686 77759 72671 81107 96448 80971 75966 73700 
79343 82573 87012 71664 72899 70145 69317 79844 83687 63783 72855 69885 85522 83222 76960 83303 81409 83661 91447 82175 87040 87609 86318 80171 66811 82733 93758 78600 76840 71031 
66946 72391 76523 68435 71860 65426 63740 69566 67569 55629 69147 67060 77195 66134 59738 65253 78191 77067 70277 74293 72593 78471 76714 70030 62623 80439 80084 65637 69625 67306 
64573 60708 73028 59463 71651 60404 58598 62528 70418 53107 61765 57974 71859 59367 59144 71673 77422 76622 73897 69596 69878 76067 66783 70339 62858 74437 84877 66921 62887 60556 
57576 64728 72985 65451 72000 70570 50306 53366 73124 60460 68815 57828 73904 59328 57289 73118 76748 78138 71311 69300 69462 68652 65237 67131 64535 70148 80054 77658 74902 67487 
63810 69879 78911 65552 70182 65541 63452 62888 74449 49017 66099 57391 63959 70019 50205 69099 65420 67449 69519 72249 66263 66224 61733 64235 60306 72102 79516 61631 69135 67576 
75560 83016 91884 68715 77853 67208 72100 75577 81384 58615 75704 65642 82352 77285 71881 81648 84770 81089 88161 77573 85018 80982 82526 78181 68317 82563 88656 80416 73721 71199 
70524 70790 91812 62461 77839 74295 63034 76626 70844 52049 72838 69520 85460 74098 63866 79194 83711 79169 84749 77572 80906 81066 69313 84788 63355 70865 94806 72455 63976 61601 
68022 67877 81888 72067 78175 70025 63056 64106 74152 50784 70270 65021 78363 76622 59208 70351 81102 71084 74980 72984 82523 83441 76328 82627 71113 83298 75004 81883 76297 72835 
79274 78384 94331 78477 85127 78705 69763 78445 89472 68567 83183 76439 95446 90849 63485 92380 94184 91317 94521 83555 85492 97580 83845 90551 75908 88480 93895 88227 94335 85980 
68777 78797 87064 63199 74472 67995 64449 66585 81862 52529 70818 62416 69832 74082 61415 79757 77225 77556 84077 81859 68808 78541 66995 71620 61352 63325 87284 65004 73009 72627 
73926 77913 95076 69709 78216 69153 66803 73801 80314 62095 79382 69103 93445 83029 68089 75664 84758 82864 83332 80463 88075 99105 86286 81658 71075 82755 91336 80593 84407 81885 
65875 66065 80796 57155 64877 57787 59542 71761 65383 51075 65954 64135 83028 62378 61574 74986 69877 78015 75577 63289 74070 73117 67634 74205 60633 67577 88127 73098 60526 54702 
56730 62742 78357 60576 72804 63261 56102 59941 70651 51079 60501 54743 66834 73485 57541 60308 78056 68881 68193 70784 70436 72338 58856 63582 61824 72556 74443 65516 70803 66810 
57730 56787 66591 54594 57022 56532 44936 56420 62168 49474 59083 53526 66198 61635 49731 56776 63244 55168 68614 61927 60628 60283 58170 69741 49118 62096 67904 57685 59075 60508 
59453 74264 80160 64960 65100 68491 64222 58454 70889 48078 62627 59133 64489 67457 55194 66736 74408 70132 72801 68680 71834 74329 61377 65536 59735 79054 72890 66532 76034 72533 
74033 82160 93131 65809 68440 75345 66290 76808 75647 56140 82906 66126 87812 80246 61365 77642 85265 81668 88221 82599 83774 83902 77548 79466 64160 77327 87063 73027 82048 75678 
72562 79712 92153 74499 81029 74141 71153 75052 86980 65968 75234 70211 84604 72288 63943 86356 74480 80516 91832 84570 89441 82921 82974 84600 73754 80817 93741 82635 75838 80852 
66826 75074 89158 63789 77498 69376 71139 67709 84422 54267 69498 66678 78919 75912 64799 80872 85768 82978 85954 73916 82450 85561 65887 74809 67912 78806 84507 76524 81520 70635 
74210 81723 98108 68074 70470 69130 73086 78167 83379 56407 72716 73006 87406 83018 65458 80140 83898 84417 93059 76002 88811 91183 80225 80823 69404 86212 87670 83742 81719 79356 
62219 71373 86630 62084 64725 67122 60371 63966 64564 49826 60921 65002 69275 69143 56706 71485 75203 69692 68749 71671 72699 72309 65793 64139 66042 71670 77067 79401 66910 64933 
76474 82126 89586 72791 83644 77411 62579 78932 89024 64120 71365 64706 75305 83112 64130 72689 94202 83735 90164 80030 85621 76890 69621 82610 72270 84980 90430 71299 77645 83291 
66692 67435 80340 63602 71137 66146 48823 66743 74748 57910 77224 64248 90445 75904 56857 69584 80266 72122 78437 73480 79686 81773 76698 82832 57370 68927 83678 71951 77979 64866 
62224 68123 77807 61080 69722 63583 58790 62072 78209 60702 65445 54061 64501 64003 51855 72325 67803 77315 77858 65490 69548 75731 65097 59958 67748 72134 79240 66077 73999 71843 
72669 76432 85661 72161 76933 64220 59292 75329 79325 54948 63431 63312 82838 74496 68031 75840 79819 79887 80049 72806 87887 78046 79030 79121 67013 74836 89883 77673 72346 72590 
71512 75375 79194 66124 70341 68096 59282 69634 82094 54894 69957 62714 71382 74733 54461 78685 79480 79073 85760 72713 65156 67968 63936 79000 59835 69731 81078 67312 76751 75036 
75204 75452 82219 63404 74505 62034 52896 79070 75953 54753 69891 63225 83910 69935 61317 71849 81492 84477 75383 72913 79300 79559 81143 78967 64496 69067 84450 72183 70869 75703 
74962 70953 86859 62363 65015 62029 67325 72566 77195 51844 63134 62889 71718 75707 60205 79781 77096 74423 84347 81350 72411 78794 69705 67579 67008 67150 86416 67915 76794 67002 
