2690318 2685521 1503888 2460328 2490350 2567024 2830555 3128873 3212488 3758768 
1773368 1738486 920059 1409764 967953 1578793 1623597 1639262 1561147 2150280 
2566715 2926370 1377471 2204782 2025077 2666017 2915266 2640535 3060067 3106880 
2608882 2978389 1406124 2274542 2142027 2777771 2617089 2387113 3379885 2987425 
2315648 2371947 1318203 2098042 1923502 1767590 2124685 2841392 2529328 3577340 
1894954 2612615 1298977 1631703 2048918 2112848 2388968 2451787 3032205 3214140 
2681570 2839665 1222781 2448453 2022858 1874919 1982574 2415105 2903861 2985505 
1719173 1919995 970058 1933118 1583327 1806733 1760693 2379480 2447892 2735499 
1900670 2370633 1153067 1359660 1629768 2474790 2211366 2288190 2921425 2760092 
2814208 2942352 1234830 2416834 1622181 2325710 2074471 2006835 2898218 2418507 
