1678178 1948470 1808782 1368071 2214185 2667412 1988638 2428115 1951077 2463970 
2352420 2760892 2019949 2367513 3003753 3521881 2765217 3838580 2406050 3396552 
2054507 2040559 1758039 1533735 2296232 3013293 2204871 2951977 1870382 2660710 
1541632 1979749 2026454 1416890 2148029 2555619 2119151 2325322 1994571 2395172 
2980459 2465619 2344431 2403092 2973154 3658383 2807533 3884888 2256141 3415921 
2132862 2930802 2688748 2145557 3243838 3317363 2798824 3822655 2717575 3140669 
1586776 2063877 1871748 1586726 2030102 2591710 2175345 2845991 2190202 2201333 
2340455 2095876 1970476 1802280 2616059 3721804 2362565 2970193 2491202 3220089 
2724913 2353784 1912075 2617235 2030293 3476162 3128473 3668667 1927109 3299128 
2339242 2850458 2837030 2203660 3347166 4109230 3086746 4129194 3599343 3824346 
