30608 32120 23170 29615 22500 25525 29172 29655 28753 38364 
29800 32214 18686 29128 22981 17694 22431 27023 27568 31581 
22929 25777 16327 27439 22231 14063 16699 28191 20608 24184 
27118 31950 18402 27099 20730 26879 25439 28828 25188 31792 
29839 32076 20293 34480 19904 22664 25602 30537 31269 36190 
41118 38680 22734 38244 22489 26359 32820 29579 37105 45135 
28236 30422 15663 33172 21654 23646 22388 28979 23973 29146 
31254 33530 17269 36574 20919 23877 19834 29132 25068 30221 
28844 27794 16301 30630 16106 20521 23387 24836 26611 32279 
22790 27592 15040 23938 17581 21589 22270 24706 23115 27123 
