21229 7859 12250 25044 17048 17566 24501 19885 25519 21498 
40580 17952 26999 33866 29194 33784 35804 35182 28566 36035 
40386 19637 23151 28381 29621 33691 37273 35644 33381 37000 
29258 11044 19694 24426 18017 21384 26626 22336 23298 26127 
28656 11952 15326 20294 20728 21192 24485 20952 25512 25222 
26517 12666 17144 24944 18890 20374 28135 24299 28395 23027 
35298 12918 22425 25959 23463 24156 31415 26502 26502 31213 
21785 11642 12752 15574 15193 20381 22834 22821 20235 22842 
26675 11047 21713 22919 19178 17906 27613 22255 22581 25193 
23346 13040 13500 16793 18801 21375 20778 20725 17313 22512 
