30444 16953 22596 15797 22790 22767 27948 18940 20297 15981 
34011 18561 20660 17232 24163 27436 30898 23240 22674 14150 
36347 19075 27446 18143 24087 25205 34548 19127 22238 17359 
39636 16617 19223 17954 27523 25118 32884 23091 22720 16940 
28575 14097 24066 13957 21174 21869 27852 16549 22503 12921 
42864 27187 27882 22173 32105 37374 38659 31503 30622 21711 
26097 13364 16683 11160 17732 19060 24200 16560 19371 12947 
32334 24000 21768 20089 27017 34053 30909 28631 21085 12788 
36860 17177 22207 17884 26315 27252 31684 20792 28602 17243 
36980 20428 20725 22849 23843 25587 34658 24851 27404 22143 
