30427 15449 31642 26052 23107 27195 33538 21760 24031 27662 
30242 21584 31724 26157 26807 33177 35711 30137 26804 29224 
31355 19104 32918 24808 29538 32041 36416 33227 25770 35959 
29460 22582 38001 27819 24115 32873 40946 30725 24095 33180 
20372 14503 21124 21060 20934 23437 23318 24508 18628 19046 
23789 16214 27018 19158 20369 24528 30249 22252 24600 20903 
27612 15557 21150 23017 24755 27709 24527 23110 20816 24600 
28387 14701 21868 20141 25512 29234 22966 25982 23586 26043 
25016 18248 18705 18810 27551 29082 21871 25592 23736 22361 
27468 12724 24555 22600 27390 22562 27958 26358 19396 25938 
