17529 20037 10852 15831 13678 18241 9923 14413 12862 17571 
24831 31691 20355 25752 23356 29525 29962 20172 29809 34904 
19136 27424 16022 24471 15963 27852 18235 14190 24015 28224 
22256 37252 18392 22720 16305 32614 29101 17864 25170 31651 
26359 31332 18777 28543 21463 33382 21564 18663 23949 28256 
23862 34345 18544 22372 18901 28996 26040 17787 26852 34216 
12733 13622 7593 13041 11335 14195 9028 8506 13780 16141 
26485 31096 11150 17371 19506 23269 25293 14775 27852 32143 
30113 33910 14112 23442 21794 29818 22802 16286 28618 33546 
27347 34297 19669 30094 24498 37031 24563 18923 29449 35706 
