79111 73369 75029 68737 57849 59471 93307 71424 64419 70888 62893 57949 62074 88914 67452 62740 59547 82968 66560 61945 78162 60694 84024 66422 71130 79929 67311 64140 74000 60871 
93955 71840 76625 65693 70177 69076 96296 82287 81469 68720 61788 74094 74145 81632 73394 67590 61968 90469 68223 74899 79134 55561 93852 64117 73739 75981 72448 71481 80905 75849 
87992 72356 76129 74166 59755 57402 88602 64568 68974 72274 62861 75586 73668 84215 80509 64357 65576 96744 74241 67568 76867 59414 81706 65296 69052 73616 75940 65129 72892 60268 
81851 75924 91132 61161 66506 67842 93555 75594 75165 69170 60948 76501 74871 90698 67614 66467 71683 87240 64841 65811 85502 52368 90240 64247 65727 79192 76522 72441 72285 71272 
84238 74230 75758 74300 77853 62253 90735 90637 80003 61122 56678 68791 70344 74338 74599 65590 65413 89728 70137 72754 79384 62441 92229 66629 68985 82370 61512 77855 75303 77030 
100647 75866 90438 82266 81720 61481 97960 87336 81069 74918 69315 90599 70826 90453 84484 74083 80175 101966 75438 81673 88635 70423 94024 80213 74209 84730 81880 78664 81789 79858 
81053 73621 85988 62821 66909 63094 96127 78982 76338 67569 58195 72274 64401 87895 72145 63381 65836 86370 69092 67267 81893 61835 89567 63956 70163 80144 68696 67994 77025 74835 
68766 59132 67908 54569 54422 57681 77900 62081 56680 61916 45762 67035 55839 61963 64743 53261 61853 71359 53946 57552 65136 51810 70498 55369 49297 66881 61392 66676 63155 56669 
97765 70865 86628 72786 76181 74010 108479 86124 83321 76364 65697 77383 82749 85950 82575 81177 76416 97295 66590 82613 86496 69169 100271 64833 78767 85706 77226 80635 81417 77573 
89961 78592 80779 69431 72507 74532 89508 84497 85994 69586 60911 76745 76175 85513 70352 55804 66739 86269 69095 79138 87200 57835 97604 67489 70728 79557 71477 81232 79029 73489 
78096 65687 65959 60100 64102 60412 84087 67366 76317 61163 60328 63798 67481 73268 67470 57044 60381 91316 65244 69886 68147 61180 89455 58560 68525 62885 64162 63612 69343 64994 
88424 65693 74896 69743 80005 64456 95956 81293 78901 70884 59691 71875 69323 79548 75704 64087 69487 85747 62351 79237 82908 61543 86117 70351 64640 69023 69313 76488 85649 64757 
81776 67477 66711 65181 68067 56779 76208 74337 73383 58372 60074 67100 67171 77782 70710 60091 59614 87737 63715 63761 66220 59099 83314 64053 67227 67602 63328 66589 70767 70486 
105276 84241 95413 88614 80921 72495 116158 88944 90884 87115 73935 97701 83792 103278 90893 80176 80636 113030 78178 92277 99134 75687 106300 79613 86911 84859 87943 85287 96339 86862 
67517 50014 55867 58054 47228 50326 60186 52551 47167 51584 39979 51121 49570 55726 65632 40215 51320 59729 56982 55588 58494 42949 63594 50389 49448 62529 46840 65854 50650 49414 
94713 73558 77786 77802 74433 60455 101551 81831 81469 74080 60643 76485 84033 84694 90073 78340 74135 103691 70462 80372 85100 74199 93854 69782 77895 82181 76589 73044 85158 71639 
89055 72554 75761 64579 69004 64394 93754 79717 84704 59557 56088 77810 78558 84560 72029 63737 68527 94477 71651 73361 86337 58924 98954 61622 68458 67364 75581 60972 68382 70972 
80095 67730 75926 63171 57029 57526 83440 65185 75130 58362 53261 64571 63002 68607 71812 58891 55360 84063 62909 66134 74521 56945 81825 60775 63103 67188 58572 63870 60546 65908 
75292 66377 82828 69116 66589 55601 86570 71397 70258 59524 54336 68968 68653 80256 74785 60878 67155 77966 62699 67942 88196 54019 75856 65849 63862 70381 67710 68050 65206 58662 
100833 75317 90762 78535 67551 77846 98549 82548 73883 80004 67740 82909 76623 94133 79789 73003 82283 98232 72568 74005 88973 66179 103772 69320 70377 92992 77779 85513 76365 71853 
88642 77868 84893 70817 70035 68863 100834 72666 76271 81555 64665 77338 67694 87020 80290 71045 67677 95831 74097 67714 84017 64361 90879 72832 65061 89247 73824 79863 82462 75011 
92182 73119 85358 72488 85019 61893 96935 86036 85671 74002 61538 76752 81463 84664 79049 70144 77460 99886 66757 79124 88517 69975 96522 69695 71818 84860 65495 80918 83627 79626 
99799 79456 83190 73444 74567 70488 102411 82670 90577 76286 64737 79888 81775 94441 77491 68796 72244 96759 85242 86005 94139 64887 101412 72223 79994 86266 81880 75758 80072 75607 
84936 59110 74875 66344 59402 58522 80869 71074 66291 62701 61982 71478 58945 86933 60838 57527 65415 83698 59283 69394 75097 54983 82397 63781 66000 66111 67948 62902 71144 60446 
77089 56344 59829 61974 60952 47012 72024 63918 61148 59805 50719 57753 55806 70456 64356 47659 53138 81743 58279 60427 66997 51531 77784 59031 56516 60491 50276 60455 64544 56617 
79442 63118 72707 62785 64198 62177 86351 68350 68813 69587 55568 80429 70132 84276 64921 64124 66048 84782 55769 70146 78985 53067 82170 58957 61445 67604 74297 68012 71857 66584 
91272 69222 77239 72414 68007 62654 94209 75023 73310 69953 62610 72293 65424 76558 75793 68057 66012 88291 64909 64811 72089 67356 93941 64982 60736 77648 67628 72955 74191 65181 
99014 72545 82481 76989 73283 62868 91423 75053 76852 72503 58806 77830 74133 96177 84154 68608 71007 91411 72578 72835 85314 57365 92193 70173 70344 79230 77652 75052 76347 69298 
99588 83839 84516 84219 77591 68476 104959 89305 82866 78675 62793 76774 84650 89150 85746 77099 71273 96557 68811 78441 85893 70468 100747 73758 84055 89343 71167 84784 86339 82552 
91711 81302 91457 70465 71035 72745 105927 86998 87843 77385 71842 78354 73237 96331 69672 75159 73181 107193 73243 79493 91859 62717 95129 76210 76388 86846 85562 75520 86702 76848 
