2547650 3126993 2534948 2174787 3872238 2421739 2613207 3019635 2348090 3541726 
2703812 3084141 2586896 2142004 3922858 2364571 2555017 2881153 2265656 3314414 
3395029 3071992 3039766 2365570 4224208 2481570 3453814 2564415 3118295 3480189 
3355522 2714933 2676830 2134354 4594511 2818273 3100060 2495266 2996125 3490444 
1511553 2931187 1863553 2104340 2659853 2114445 1679858 2170293 1803756 2525960 
2649662 3344362 2467986 2817730 3897680 2967490 2980256 2756711 3437378 4024077 
1852339 2361213 1679062 1665183 2706960 1913801 1970670 1979997 1767397 2399343 
2401381 3020267 2090518 2730454 3424231 2368400 2878058 2600530 2967529 3242016 
1898050 2390418 1640050 2158567 2581548 1804695 2297624 2121666 2345634 2569620 
2296057 2372970 1953532 1898657 2861532 1776653 2313497 2316005 2011193 2491847 
