1652786 3190780 2180569 2654613 2743467 2203626 2134325 1765151 2356847 1853913 
1335292 2993955 3053404 2425558 3063469 1596511 2178444 2395967 2379874 2022459 
1638135 2789924 2896252 2354527 2846533 2153782 2299156 2091443 2206722 2278161 
0 0 0 0 0 0 0 0 0 0 
1694156 2602595 3083369 2475397 2295082 1963395 2622548 1826268 1646282 1992224 
1436951 2280277 2520386 1991389 2258767 1500563 2255125 1658876 2028823 1529285 
1222830 3061914 2362187 2644426 2964250 1951720 2139376 2273579 2138261 1765467 
2174705 3261464 3337203 3085142 2947326 2608347 3019198 2332234 2024087 1945230 
2389825 3409585 3745529 2570202 3103247 2125988 3203324 2244082 2443113 2496666 
1890393 2723720 2676061 2851956 2396130 2359552 2824040 1663823 1893121 1708061 
