2738535 2925210 2776948 2929115 2338838 2611752 1426528 2666705 1496169 2815141 
3187992 3577562 3179430 3217365 2043060 3326222 1785880 2919852 1722841 2711223 
3084246 2902446 2934595 3215657 2360317 2719910 1483088 2435089 2041023 2458899 
1834194 2051382 2184355 2114331 1662110 2349140 1227310 2159440 1320257 2252542 
2471864 2815426 2853442 3022492 2459467 2920083 1429312 2960397 1730796 3061786 
3207019 3868747 3693960 3920901 2739730 3743900 2212851 3027108 2315916 3296261 
2446202 2320566 2256469 2398935 1624725 2580047 1417385 2271117 1604857 2062946 
2158990 2839330 2636824 2473520 1677360 2493007 1017862 2274492 1292563 2250439 
2811469 3025685 2910539 3260163 2566992 3256011 1840310 2388437 2292869 2283491 
2508938 2937384 2745651 3000035 2135337 3081984 1741960 2656768 1896531 2656273 
