18750 23251 11566 20771 14404 14984 25897 24170 24010 19897 
25934 25340 20223 19535 13458 28154 34487 26307 25814 19696 
31837 22043 21282 18753 21269 28014 37843 36919 31844 30190 
29770 19015 21415 22714 22618 23838 30339 30803 28071 29967 
34787 22939 23602 17093 25722 24519 41094 37628 33901 28100 
22767 20134 14788 20978 21126 15589 25508 29838 26804 27443 
40742 37050 28177 30152 28178 33625 49986 45618 42773 36549 
19564 14741 14102 13181 13251 13589 23160 18287 17837 14453 
29435 26715 20487 22311 17905 25093 37598 29883 31516 24539 
23360 22939 15380 19350 15654 18602 26104 28622 23184 24530 
