20513 18617 13318 24169 17129 14479 11875 20361 18822 22663 
34249 34095 28714 37545 22409 26439 15109 25460 27206 31665 
29724 29265 24082 32936 25540 20831 16082 24230 28658 28867 
35321 29744 28243 35269 23207 22275 13982 31674 29732 31839 
35145 36274 27347 40403 31936 25171 19292 30470 35221 36215 
29584 25716 26773 33091 26156 19516 16064 23175 31379 24742 
29193 25681 21949 24894 22546 21099 13267 23238 23269 25616 
29175 25939 19922 25534 24001 21692 14851 23447 26499 22102 
38368 26038 28392 28770 23976 25246 15659 21787 24674 26938 
29195 24772 24637 35456 21848 21022 12664 28964 28568 25398 
