73348 87657 85677 108821 102639 109613 80233 84148 101587 80142 92767 98604 95628 87273 89659 100280 105853 102977 100601 83177 88956 79982 77903 109883 83168 88434 95829 83922 82508 109336 
73638 82652 86181 88034 88420 92896 74857 71074 92531 81111 76728 86261 82584 80764 83317 83968 81497 90838 96424 79672 65990 71919 78680 105549 67994 77090 91508 80368 67559 75411 
66207 71944 70529 88050 88574 96627 68535 74425 83849 68455 70892 88491 80677 73025 75577 88744 85212 87305 89758 76817 74351 69117 71846 97466 73518 77752 82089 71558 63579 77443 
58799 64512 66053 86352 75210 79267 60570 67380 72184 66626 62771 75729 60025 65957 62727 73664 77275 76011 82417 64654 63187 60228 62337 84061 58822 69224 70804 63533 58843 63580 
59387 63830 66680 70936 76592 79265 66437 56673 65792 60192 53843 67118 62978 62574 63661 68802 72177 79907 75733 66467 63784 62996 50740 82736 59457 54594 61899 60154 53706 71593 
59662 64774 61621 78317 66239 70915 56324 57837 73870 63993 65928 78871 68877 66145 61197 68373 78669 74397 72200 69342 65962 53684 69114 88452 51641 66716 77299 63363 61616 61885 
55659 74231 58581 77821 72149 72414 54733 59748 75407 61409 65580 71276 65193 63776 74776 78113 74683 82183 75837 64198 59602 59826 56920 84398 61957 65735 73570 61974 53273 71887 
64100 80844 60109 86058 66376 78914 56548 65947 77426 62999 64328 74601 68359 65440 68209 74508 91414 77890 68530 74084 66742 65564 62261 87106 66133 68019 77919 60817 73941 85977 
55357 79817 63402 89131 84818 82903 60106 67178 84639 49359 69588 74294 76095 71757 78241 81711 88403 81164 73156 65707 68000 49511 72394 83976 67768 76933 83659 71973 67206 77430 
60106 73203 71083 79368 91119 79994 65488 78205 97192 64399 68543 79386 69305 81746 78072 85809 86004 92031 78411 62640 64713 65120 73378 95295 69394 73756 82245 77649 74817 82173 
69784 79003 68211 90416 76989 83189 55055 56995 75327 59402 67301 69413 77433 72746 75360 80556 85149 77185 74966 74372 65231 57992 66997 92832 76154 65638 79665 68983 61417 70969 
53178 61795 56546 77755 71510 71299 49572 58707 73605 56283 63130 70030 66657 64537 67840 70474 67255 70658 65208 61172 64298 49221 64772 82738 59387 61388 74429 63826 55464 63680 
55657 67042 67899 75569 83297 74075 54104 59868 81785 57049 63767 64413 64965 72670 69490 71805 74818 78860 79837 58097 64023 59647 62853 83484 65580 65445 73577 67914 61844 73252 
78092 82695 79869 89549 88974 91739 64081 62929 88028 81036 76417 77292 81500 81030 82781 87548 94875 80532 83502 74608 65359 62873 79062 98372 71093 77438 89112 80007 63035 73137 
56669 61598 56769 73506 72769 77511 60334 59125 72059 64098 59846 72691 63651 66338 64833 74878 77800 75913 75988 61316 66196 56924 60564 82237 62986 69103 68438 61282 60555 70040 
69409 73944 75580 88462 75115 84454 57404 70379 81863 76598 70994 82120 73002 73206 76853 80893 81821 85615 81713 71625 69005 70330 67229 101746 75430 74343 78157 68561 57650 75889 
73190 78442 73250 95270 81483 90661 67524 69306 85947 71021 70610 87160 75815 77276 71545 82358 80423 91984 89336 83262 74313 75277 66644 100942 72522 69264 86017 67649 68236 84379 
65714 81872 77356 99398 88766 89354 66890 81195 85315 67807 83931 88186 78321 80887 86640 90889 93360 95819 84030 69703 78443 73421 71065 104198 80932 75203 85551 82882 76520 91367 
75014 91086 76459 99742 89351 94167 63546 76943 91836 82559 75666 78818 75553 80667 87919 89137 85699 93042 93430 80386 72401 78966 71186 107638 72014 73322 87569 76226 67324 83875 
68949 86182 83144 91198 94217 95467 66241 72327 87308 73937 71076 92875 82799 83138 77769 86843 99913 92774 79825 84093 72738 70851 76702 95071 74124 79123 89890 81924 82878 81502 
68094 77473 72822 89017 79358 85216 69496 74088 80252 70707 72540 75241 72183 69599 78530 86954 88211 84832 86301 68259 66376 71281 56580 97828 73156 69673 73331 63852 65241 83500 
63304 73891 70469 101179 86824 90478 70319 75585 90342 75306 73332 89733 79295 77854 74881 84488 92475 89927 95917 78998 77927 72529 68007 96650 71728 77393 84673 72020 74823 86240 
77962 92664 83665 102072 94332 94231 74316 73153 93041 77062 80571 80463 81154 86564 88930 91574 93866 93889 96569 84101 74526 73680 76751 108742 75746 75733 92838 83122 67679 76943 
56023 70493 57446 77260 71115 66687 50290 68226 70320 59420 59997 71109 54341 60733 68748 75278 81106 79180 60287 60635 60048 59405 57959 86231 58645 58542 65547 58875 60491 70234 
57880 67462 69333 75629 79507 83268 61903 67599 76954 63521 62953 73896 70028 60352 64368 73218 76021 75904 83857 74262 62597 63526 58941 82619 65616 64319 75709 59553 66929 68918 
73097 89610 89196 109750 97846 100942 73905 81953 99447 73995 90671 92894 87848 92651 90711 98714 108239 103664 98507 78114 88780 73175 86336 114923 84985 89388 97418 90206 82897 95996 
70699 77816 78654 90326 90274 90652 65993 74242 82580 72211 65866 86532 81939 67955 80112 80789 82475 96342 91949 80106 75751 69744 70466 95634 79295 73702 85497 73692 65504 78796 
61960 65372 71005 86850 92497 87856 65431 71352 79290 67643 65684 87460 74240 79467 66589 87714 89626 89573 78334 67658 71792 60817 63896 89249 64395 70177 74000 73154 65401 75836 
60854 66798 76035 91859 87996 86736 69724 66126 90521 64761 75992 81711 80096 85846 67761 81954 82847 89330 88744 66770 73165 65541 69024 98109 59627 70156 76074 75132 61440 82595 
59214 72250 64752 89123 89513 76315 61147 72632 87804 65993 72256 78824 70429 80825 75548 84332 81337 96133 81787 65350 75765 65124 67844 95576 69255 65983 76993 73828 71474 81988 
