87937 89824 85499 74965 92301 79653 75165 86720 86617 80447 92195 75573 76040 103928 88226 94678 78185 79808 103500 88139 86502 78185 69112 81849 82507 86235 111240 63742 78350 72418 
50725 59011 61695 57701 72220 51928 56143 70010 62197 53814 53341 51713 57109 73357 53085 69516 59836 57443 72937 64882 56844 52595 44230 53755 56552 55138 72565 43073 55679 56263 
91147 93675 92108 65814 84065 80670 59383 94221 82009 80897 82456 69897 82516 86817 88569 86084 65618 95181 92301 75716 72499 69919 70696 72556 70408 67060 97370 63123 61278 77684 
73941 69732 68492 54142 76052 65235 63206 77129 67565 68879 76646 60583 65764 84753 69796 69097 57230 67865 74661 77387 74529 65413 53355 67712 59494 67057 84903 52021 57414 69372 
85670 80494 81086 69178 86820 82262 63014 87044 74179 76176 76822 70839 77670 85766 76971 87273 72250 71600 93584 78815 69883 64201 68187 64343 68527 73095 103423 60853 63392 63897 
74149 65242 72971 59436 77656 69564 63370 73422 61702 67997 74191 61740 68602 79813 63796 73223 56845 66060 76344 70757 69183 56843 65278 50983 52108 61753 83915 48685 49534 59852 
68357 61611 63487 59243 66117 63497 61443 74502 62693 63212 66458 54727 60535 80024 60167 72254 60430 52493 85080 69113 60011 54656 50806 60894 54666 62317 86025 57013 57673 56489 
81158 83168 81220 62616 86166 84389 67341 77288 63812 78198 73312 72947 69138 89090 75058 91386 59420 76773 94732 84557 74049 67628 61779 63680 71016 70045 90754 59475 68515 61431 
78984 74492 76173 62762 74735 75823 64591 95046 74265 69187 74149 63051 80496 77871 80365 81467 65988 68810 77438 72942 77931 60136 65900 62747 62806 68679 87589 52768 61989 67506 
73431 83028 82039 70090 81875 75255 58557 84643 80407 72571 63853 63312 75048 83706 72164 72441 75413 75418 78036 79484 72069 67745 61062 66478 65049 68568 91084 58943 65237 65249 
97432 80068 96137 73053 91114 85711 73962 94934 79893 77966 82931 74264 86133 99172 85841 92714 78749 84645 95637 81866 86527 80912 78506 71417 69543 76534 102021 65386 74261 70517 
70165 67259 61899 60503 75473 64080 55165 73859 55405 63766 66410 60801 63475 64728 68352 75830 52551 62650 73849 63746 67431 61595 58561 45825 55414 54728 75614 40899 56653 56470 
65949 78573 66509 62910 68951 60873 61240 74650 67006 63409 64205 51968 71189 72025 67276 76992 62725 62662 80082 74081 69727 61862 57977 62870 55963 58952 80142 51700 55752 63164 
84443 86215 86321 73959 80294 80192 72059 83632 81623 77827 72176 62596 80378 88978 78021 85250 74229 83178 85261 90183 80082 74539 67961 69434 71073 72601 99100 60205 72858 63404 
71639 83840 74867 60975 91581 73099 64532 85989 74108 72498 79111 68587 72773 91091 81190 79834 67427 73773 89304 78915 74564 66220 65220 67333 68049 70065 95467 52880 63088 71941 
70976 79914 78707 70334 76950 77434 72464 91612 82605 75359 79268 65209 76790 89292 67959 82417 77489 67732 91503 86728 72245 70618 64012 70760 71021 70709 103624 66777 68336 73142 
78334 86131 80957 79599 96762 74794 70857 83161 84236 79985 71906 72212 75266 92096 80993 87944 73145 88222 87842 89098 79864 75493 68356 77754 73382 70228 96555 62946 69959 68468 
87554 79821 94962 74443 104859 78055 76672 98079 84488 86158 89003 76142 84717 95825 80890 94766 83741 89020 101014 86726 87043 75744 83771 72684 68735 76921 106928 64587 65164 75471 
83513 69530 77837 65080 73791 67356 67070 84204 72254 77112 72204 66220 76575 84540 76832 79407 64347 64909 86711 73425 71738 60725 69896 63629 58062 68158 90726 59626 59809 60288 
107015 105853 114696 88297 114558 101790 87189 107854 93192 102888 91990 98846 102139 124207 98530 109483 85648 98457 117380 112148 97479 91595 84945 90966 91814 91446 120203 80173 87991 89713 
69135 70579 66641 62962 69680 66752 63805 74834 64330 70209 68214 59773 69911 75081 71219 73687 48220 71835 77778 70481 65444 69152 57967 60846 57282 55597 79518 50293 58093 59401 
60748 65861 65858 52466 61092 52587 53916 78424 64631 58921 64815 55119 58496 70271 66385 68602 62094 65668 69091 62777 65327 55233 53903 60344 62077 60186 74647 43549 60035 51820 
69706 78925 70697 66439 84506 69539 60149 81356 68443 77286 74333 73910 65512 84025 70162 80502 59204 70618 90000 79435 65189 69496 52935 62656 67124 71350 91898 52039 59951 65301 
73518 75937 75390 67727 82363 73326 67085 84059 67807 81360 68462 69627 72430 90187 75436 82183 64643 69007 84547 89872 77577 72976 54242 71405 66655 70169 91900 57039 67341 63447 
73143 61296 66682 53469 60253 65003 47484 71274 55104 59435 58251 51454 63583 64482 63948 61634 49097 62235 67718 58304 57750 59579 55704 52209 49997 49537 75624 48273 51520 52363 
95581 92559 100180 81288 90363 83359 73426 96505 87922 85779 84331 75543 94369 104250 90325 88816 78874 80974 101133 94186 82037 86102 83581 81528 72589 74202 107104 75722 72966 83275 
87585 79979 93949 68721 77866 78289 65084 90891 84369 75131 81033 72923 80326 96045 83694 77059 74887 83442 87092 80393 71954 75357 76814 77890 74089 71801 103376 70368 69877 70301 
78617 69557 76608 70990 80362 69217 69006 85769 77253 75178 74006 74232 73200 84957 78521 83405 58711 78911 85824 72715 72027 70413 64123 73066 66638 67844 86860 57886 62765 61501 
70359 55914 67645 64485 78022 64251 67732 76866 70571 65981 70737 65302 66657 77392 64986 80298 58099 68958 77123 67828 68767 69642 59789 59773 53767 54477 86100 53167 54593 54263 
67735 67638 76074 57509 74064 70706 56645 84140 68997 64237 68120 60219 64566 84347 65267 72743 64334 67758 77651 70251 62023 58909 60677 64463 65614 63229 83001 49610 64066 56718 
