85243 77281 80917 87764 76744 83978 91397 91018 89597 73277 88726 81526 69017 101445 67949 103149 90544 78587 78274 79093 77319 78468 102462 77838 92833 100565 74380 65360 86236 75443 
79891 65751 77874 58690 72254 69262 81692 71708 69961 64608 63907 77502 70786 75969 60279 78586 81333 65612 63118 61161 63651 63861 83970 61808 80435 86964 70541 58601 81081 64388 
77889 69691 76513 75398 70868 76284 81978 80374 87626 57339 80422 77472 70169 84586 61473 85084 89348 72626 73147 66956 77922 67109 91575 67378 88298 98055 75408 63026 75829 64867 
58121 68723 66581 73900 77368 75878 64454 70496 73783 55235 73734 67698 69100 77480 57919 72671 82888 72870 72778 59472 74997 72446 85462 72745 77490 86148 66117 56487 76336 72209 
61486 72333 71806 71239 80167 76939 74255 71187 75729 56482 74376 73020 67964 83770 67502 83660 82201 73335 68016 67861 71736 72364 93609 68664 73953 89281 72127 59764 77921 67177 
66447 70486 83314 71519 79015 68356 78633 71831 70625 52752 74251 77027 76260 85172 60350 77627 80610 58263 76500 61106 67970 67480 92434 70051 80858 96592 84825 62435 82142 70786 
74994 84069 80984 87398 90277 76942 79196 79399 86839 60774 84104 78741 76295 87722 71423 90856 85113 74062 76412 70920 78580 80560 91079 78119 88273 95445 72871 66024 81889 71995 
79717 82182 81340 80039 86166 86609 92169 86337 91895 67666 76352 82502 76892 92160 63960 92029 92022 79313 76327 77207 80187 81632 91865 82262 90928 105178 72111 59929 88426 73585 
65115 59892 64876 60001 65545 66124 63893 64377 66357 57145 66201 63924 63919 71685 53418 70989 75399 59994 51706 46382 65905 62261 80631 57011 75814 76917 63106 49211 69201 57243 
87311 88603 89549 91323 84305 74578 85673 77765 87128 67422 96260 74679 78156 89455 64694 92421 91167 76767 77073 77317 72848 79410 97263 77436 94567 97314 72544 67515 90838 72844 
72032 67328 74990 71561 74149 61664 70958 66302 75900 51105 69948 63746 68025 75305 54384 73857 72022 58027 69370 57500 62340 68252 85346 65057 75842 82683 74294 56410 77537 66331 
68960 74156 71147 76395 72489 73119 70452 74950 73820 64621 74391 71653 82441 84658 63304 75508 83476 73735 74297 66296 69936 65709 87125 73675 78208 94030 65577 61813 73129 68887 
64068 69779 69351 72860 70707 79409 78258 77277 78357 54757 77763 71388 84653 89311 54292 87287 82748 70970 76408 63332 70465 69625 79993 84377 79018 94873 59953 55806 71801 61370 
77091 80248 76847 78531 87205 76659 77135 74466 81133 59915 79618 72235 68277 83626 65934 77265 77617 77332 68319 77420 75379 81467 94671 79609 83578 91623 72260 59515 81356 72709 
81940 90326 85520 81038 93576 69687 87633 77015 86361 58890 89756 71201 78508 88116 64883 91339 79472 71503 79170 76242 63414 84132 102129 71597 84972 100184 73607 59264 88792 77976 
62393 66674 70171 72599 77096 68531 69036 63671 65933 50290 73611 66733 71194 70326 55791 81343 75004 58637 67288 59526 60882 73266 84906 62731 74932 79373 65299 51849 71662 74039 
64895 74871 70316 77211 74247 66948 73637 71774 72470 53454 65900 69664 61491 78149 64212 74989 69493 65880 61287 70519 64354 63798 82276 64580 70763 89742 64368 56802 71605 65765 
79601 69851 77113 61510 82790 64987 87642 69781 71663 64747 81874 81680 74855 85294 68466 82872 83446 67197 71960 65245 65351 64401 92394 58055 87875 93457 78160 58240 74826 71155 
65048 72008 82086 76301 75846 66358 82037 71765 72954 54672 87031 66701 69997 78471 59419 84110 78614 69108 71388 57929 71469 70836 93533 66887 93167 89728 66643 55226 72439 79550 
66214 69575 67998 70857 73693 69914 74062 69233 73972 54265 73269 76067 74627 83057 60102 76289 79729 74657 67368 70041 70357 62626 81343 76054 79904 89587 72115 57960 72330 57067 
81135 81531 87477 77072 92491 79010 80420 76703 81109 66972 79570 78472 78453 83411 71763 85678 87362 74663 74985 70456 73132 85997 96734 76416 88591 97887 73993 64524 90361 73703 
86213 96792 89918 94150 103956 91852 91373 89867 93130 67505 104409 88144 87277 108847 74563 108277 96928 85783 92451 81043 88526 93503 109531 90579 101287 112997 78654 73402 91319 82060 
86408 81200 94913 81822 95616 89966 96051 95136 95864 67935 92016 87133 83139 101944 81545 98576 93649 86925 87683 82537 80096 85910 108425 87564 89946 105114 88114 71965 100818 89289 
70150 76803 77288 75189 84252 71866 81073 78544 79588 60991 79146 72703 69501 81856 64674 82244 79382 81157 77885 67979 75048 77355 90918 77427 87398 93014 72149 62114 83820 78336 
68662 73624 81329 73531 88992 85001 76154 88883 88834 56487 85162 66261 68703 94778 61377 90683 79978 68928 83865 63128 64420 78379 97799 76785 82935 96040 69613 63608 84918 75576 
73050 74076 74495 66801 69700 81462 77727 81668 86071 66880 77173 67970 63909 98715 56120 86660 82112 64647 73421 66668 68831 68487 92953 71468 79640 92557 63040 59165 78989 65485 
43519 47077 54155 54908 57583 55682 53036 51782 54990 36295 51764 48178 50984 53997 39968 56886 58082 50982 47349 42420 50787 48436 58480 50906 61550 63028 44903 36269 51132 54551 
77071 80203 79059 87951 88176 72884 78383 82875 87616 55265 95158 76093 81157 92453 65078 90229 90536 74441 82420 67765 72326 69619 96364 76438 94364 96471 79530 61522 85321 77034 
69370 71886 79894 73125 61601 67069 76738 69135 69025 61556 65477 68144 66339 73502 55020 73212 76213 63096 70043 64684 68325 59995 83455 61858 74463 90282 68544 67045 74997 67206 
58549 78745 60709 71272 72875 66441 66572 65676 70024 53358 65068 67368 68587 78899 54443 73315 71769 61175 68274 64012 65351 64176 84612 65168 65987 84691 66971 55173 73405 67194 
