57969 50754 62211 70313 66056 70653 64526 67625 70994 75619 64104 62343 59449 52874 75218 73974 86761 65436 52222 58906 69320 60237 65135 80605 68067 58969 62957 64927 54692 89767 
59153 66114 63376 75919 71290 86100 83761 72866 76528 73840 61133 77053 64227 65795 79276 68413 84201 78083 58644 78707 77033 67927 74583 77051 76067 66559 70751 64231 64919 95989 
83449 81054 81700 90618 72791 91193 88823 78327 88497 90287 69649 66326 91854 76043 87860 76116 97999 83398 67500 85200 99305 80475 79895 92777 90012 72596 82061 90996 79311 88737 
60199 57457 56815 71542 60823 74713 71744 61347 72114 65524 51984 53115 69675 47048 74541 54747 72008 58457 51090 64046 62751 58062 61734 66803 62829 53241 61389 63996 62556 74811 
56608 48482 56097 70163 67058 82047 69273 60705 69683 67751 55713 63174 65840 53555 67250 65501 80720 69213 46354 67007 68608 63426 66885 72115 62501 55636 61917 71065 58694 79802 
76463 62896 92006 88699 78723 96906 73850 98988 88092 91294 77270 73349 88493 74101 89180 90445 94755 79304 61320 79853 90545 68476 86257 80032 78434 76870 73687 85744 70298 106091 
75002 75905 62858 80506 75411 85412 75064 81753 79872 86919 72819 65624 79850 65141 80797 70737 80893 70015 59199 75257 81953 69763 71718 75326 82451 66455 75271 78622 72281 87913 
58255 62782 66069 75744 70442 84024 71437 63867 67827 72283 59508 51605 69262 63680 70530 57135 78532 63919 48471 65714 77438 63115 58161 69979 70239 56650 60468 69658 57977 79638 
45464 45271 56921 63612 52978 56374 56276 50660 51803 52937 40895 45883 48364 44218 48246 52134 58771 50357 35084 44131 59831 46597 56614 53775 56787 40809 55175 60039 43534 64536 
71513 75562 77340 97426 81825 101871 92892 89977 95154 83420 77739 79753 85703 78845 89142 85701 92189 84187 71240 81687 84350 78578 78945 85518 79353 74824 75858 88834 76871 107358 
65789 60307 71886 82772 75018 91123 76835 71999 83252 78809 63627 71471 76357 62364 76232 76160 83858 75578 56558 76619 80985 68808 77414 72345 63506 63950 64479 70981 57504 85161 
71404 70213 77387 80215 72031 90971 87687 77473 73497 80096 68887 78315 88776 75424 81838 77731 88519 77855 61676 87488 71026 69162 79065 75618 75322 71654 77540 84713 78933 95524 
72188 62364 76028 79177 73137 88695 64767 81207 61375 80870 66288 61286 76192 70122 77626 69527 82151 74539 59108 73300 76776 73306 78034 71574 78523 62635 84791 78688 74834 88304 
72477 65380 72857 92545 70976 84131 84376 72872 85430 77491 76823 77126 81698 66516 73903 72992 93644 72921 58854 72171 89217 73405 76929 88961 88547 73692 72550 80624 69921 94035 
76880 72298 84412 93210 81469 90897 82550 81673 78987 85728 71384 74241 78748 73616 89550 85315 100283 80984 63913 78060 83379 76338 86714 84211 73802 70180 83998 89566 76711 99306 
69908 64994 71834 83168 69460 86334 78026 77533 77683 81012 68476 61544 73626 68553 74906 73419 86889 63247 59834 72389 78485 67688 66188 77015 72537 67686 65970 74161 63624 86154 
62868 54926 70556 82306 67307 82481 80593 65029 74287 71414 57847 65454 70094 61782 67791 66053 91246 70534 57068 68059 76443 68861 68482 83179 68599 66525 65589 75982 62808 86436 
69658 67451 75120 92349 66724 80627 77663 73244 67622 75161 69680 76961 81051 72341 71681 81836 81994 76856 65618 74032 76475 78735 81021 78437 71904 62747 75885 82667 72833 91508 
60783 55347 68722 78854 59044 72731 73847 62836 66044 64804 54944 64677 73978 64800 60034 60532 72553 66164 48467 70358 64245 70532 70296 62074 64017 60023 58104 63714 66354 76256 
84880 81631 89230 95720 88497 118008 96063 91903 94129 101748 78576 76361 93102 79390 106615 91772 107849 87046 66604 93215 99930 73175 88389 104606 91848 79878 89628 102030 81064 108945 
66749 66859 73072 88592 81699 87688 77487 74745 76129 74414 57334 65656 71279 69301 82352 76708 86482 82525 57370 72302 80143 72018 86016 82230 75484 56649 80158 72478 66882 101696 
67173 61689 73674 88732 71554 93290 76587 80490 77190 70177 63001 61551 79370 71599 83926 77059 78003 73366 48513 71113 74967 63174 78179 73983 73668 63074 74041 81799 69266 93993 
54362 52669 53666 62744 62345 68597 66796 59952 62635 63556 41695 45506 54053 50858 64710 54296 73958 54643 48893 59067 66825 52274 55580 71937 59120 51583 55731 55278 50522 75026 
66894 64958 72379 85139 78241 94581 73380 85168 83851 88171 63687 71345 75408 67392 77224 80534 89953 74227 55508 76278 89484 69521 86847 89448 89970 57882 77686 77238 63785 98873 
70531 60187 68989 86860 69498 73815 80452 66600 79963 76237 68339 65397 73751 67785 72306 70605 88469 71095 59739 63534 79382 71156 66420 86468 72835 64156 64083 67382 65890 91898 
61056 56673 63039 68685 57136 74197 67487 65542 65247 64933 65922 57941 66193 55263 69797 59018 74929 60071 50809 65595 71444 59810 60980 68521 74374 62985 65358 67233 63799 75421 
86459 79180 92745 97611 83561 98723 89743 86944 91864 95794 81197 84482 95060 72040 89182 84893 103706 95275 69160 85665 102851 81188 93969 100023 92944 80663 93060 94424 83308 106139 
68378 60697 78644 80243 72551 86012 79279 77870 79492 79226 60722 65957 70789 65192 74975 73566 84756 70578 57813 78293 84183 73549 77573 70513 76066 67353 70644 69463 61778 86649 
85184 72910 89145 102770 88412 103727 102544 92049 98161 94677 73474 74025 84164 82850 100228 91062 105382 81941 76407 87562 90575 88877 86725 90402 77129 79765 82070 87203 77431 105495 
74942 59752 72528 82746 79206 89545 82495 79923 86953 82170 69916 65426 81973 67588 84360 74877 92273 74085 60060 77336 89566 70738 76678 85097 82038 66760 71621 77451 71953 95103 
