25520 35625 23513 29553 30874 22020 30765 28828 24448 35717 
19338 30069 16649 26075 25415 17742 28178 22027 27481 32851 
23084 33285 15401 33431 27044 21601 29126 23857 22869 34570 
15654 19039 14264 20175 16033 11126 24393 20159 11008 22732 
23248 33261 17741 26848 25934 19378 31581 29134 21220 35293 
26859 31732 21432 30651 26323 16050 32664 28087 25164 36338 
25803 31223 22961 27239 24063 15314 37422 32932 17681 35669 
22876 24943 14886 20952 16865 11337 30501 23783 12029 30747 
26687 37610 19486 30806 29686 22115 34426 30504 29147 41479 
22747 22931 18047 21504 15991 12409 26942 20473 16616 30721 
