1466408 1864608 2617693 2212336 1860969 2683555 2144913 2598634 2144051 2626790 
1490081 2254001 2468831 1836476 1813214 2118732 2359048 2288221 2597612 1861072 
0 0 0 0 0 0 0 0 0 0 
0 0 0 0 0 0 0 0 0 0 
2002990 1927197 1559187 1897843 2235221 1872414 2757770 2219036 2196457 1556935 
2053619 2354591 3740925 2851986 2537861 3459158 3075872 3551717 3122507 3339286 
0 0 0 0 0 0 0 0 0 0 
2169205 2487212 2284176 2657842 2645202 2303740 2529644 3075885 2729560 1939672 
1990445 2066304 2593199 2455525 2377179 2297517 2366770 3094858 2751810 2274383 
1464219 2770371 1911963 2116444 2074718 2144960 2347208 2332358 2537272 1639453 
