69165 61879 71309 55163 58804 65537 72552 56668 62702 74229 68796 72407 59160 72234 68801 66380 55717 54271 56949 59929 57427 66502 62668 53261 58692 65286 75305 56727 49955 66143 
82283 72960 63430 73074 67773 77569 74914 59511 70721 90080 66918 71180 63977 67608 82075 68918 60755 45465 62137 73551 62389 74937 65801 64665 58717 76378 72022 63585 69861 72172 
93308 77024 71671 79418 69633 81073 75380 74077 81608 101194 76960 79520 64680 85942 70378 70566 67677 68558 63134 82801 65475 83344 74102 73722 70246 85256 68303 66681 71639 77528 
89605 77440 69486 80203 61244 77383 80293 71586 77986 86406 83637 77816 64938 78339 78924 84783 67379 66112 62289 79962 64548 79711 77679 62976 71177 79667 76939 58882 74942 81165 
104726 78543 80145 82296 82746 90229 77488 76697 86382 102669 77197 71735 69761 79510 80126 79322 71593 69116 74384 91458 83699 95433 94652 63762 70281 81791 75973 79798 83753 81682 
82320 69832 72726 82439 59458 69218 74934 78792 74642 81264 81049 72090 54168 81387 73350 76617 60453 60007 64150 76956 61878 82278 85751 55444 66914 64188 67136 64713 70542 82422 
94934 77300 77084 79697 71780 87280 78014 80505 87487 96985 75292 83596 59732 83473 74995 74511 76419 71928 64745 85407 69908 72157 83870 71182 69559 85903 75773 58639 75201 75093 
89572 75331 71242 79607 71802 76773 66952 73065 74059 91056 82407 81261 63447 80897 78645 76581 65676 57958 59916 79656 66775 84816 77002 64497 73623 79476 72827 66557 69603 82722 
75142 69765 68538 64030 63839 76373 71996 65572 74391 89064 73135 80071 59945 72258 72678 67051 58459 57260 53497 64456 63333 67091 64189 55298 58593 75220 74305 54365 60399 68159 
75586 55413 59448 61324 52281 62736 66899 56026 56653 68383 57625 64432 56839 67338 64670 70313 49769 43629 62364 56182 55110 66997 61728 52490 49163 52091 58601 56255 57177 66791 
87584 70744 84284 76481 72141 81231 89780 71515 93110 97817 80010 82110 63752 73809 75108 79331 77437 67491 64870 89428 68706 77717 91686 70827 73289 87525 75045 76171 74989 71438 
104315 91910 81995 82716 77462 91196 94958 82361 90487 108665 86732 85313 65511 84903 77844 74804 73967 80705 74322 97458 77967 79039 86548 77167 76116 93066 80814 73537 85218 81152 
75671 59720 72470 70052 60677 67216 68226 68041 69492 76762 64836 71210 57986 69926 70861 71012 58369 52503 59131 67480 60554 71004 78539 47183 61046 68272 67249 60211 59508 67958 
80207 69820 56962 67742 52288 71155 84410 63057 65179 88336 67577 73377 48119 68179 75420 66034 59955 55120 67096 75431 59920 71094 64434 57643 63707 63707 60285 64941 69070 66571 
66837 64977 65540 61912 54893 54302 65169 54432 64555 73724 67523 65858 49174 56850 65795 69616 62163 48773 45952 64992 52574 65872 67135 58142 65808 61970 61363 60741 55137 62069 
76355 76348 71742 84317 68387 63431 72043 65659 68625 79107 75117 74903 53812 66017 68605 72448 60050 52353 59176 81251 57057 68892 77334 56676 69623 72329 65511 64788 66880 72902 
81333 75440 70864 79832 69148 78919 79631 73377 84856 82357 78362 79912 59286 65556 70993 71841 64000 60291 60481 83091 64427 67296 80026 56413 67977 74813 68929 64220 74807 75101 
85302 69351 70912 70565 61920 75478 76804 72460 71623 93245 72177 79146 57826 73513 73033 70209 67599 62140 65741 77219 69694 75589 75848 64402 72497 74394 73724 61780 59744 70734 
78943 77129 68351 73627 69846 73406 67814 64140 73773 83090 76181 75602 58588 67995 73498 68096 64488 57216 54795 79874 63161 72897 71523 62035 69412 73851 72419 66421 64789 76084 
69330 68708 63925 64355 62244 74849 71926 59980 74476 77857 72247 73344 63809 61838 70312 66982 63788 57858 56172 63594 60610 68278 64371 52608 66781 73763 75208 51204 62076 64193 
97696 85349 83909 90811 75053 97644 91080 82636 97384 109492 88094 90899 69821 84159 95894 86748 78740 66306 73232 94918 81274 85546 91130 80557 75825 87890 83568 78381 86430 93941 
94056 75302 84584 72338 80859 82944 85282 82052 87110 93876 91397 87211 65355 88579 71111 77122 80708 68012 73803 85097 73701 82948 87110 73116 76749 80340 82462 71849 70945 75455 
101158 91667 85807 82569 80287 89213 90421 76792 84446 106411 85922 85037 71598 82118 87034 84775 70416 70649 74624 92239 82247 85428 83757 73293 79394 89090 88484 76076 75237 85898 
106975 80959 90927 85414 83783 91624 97350 79609 89381 105929 91256 88321 72064 87386 83260 89767 78887 72965 77066 95706 79353 86903 98219 70459 84766 89654 86861 83738 81855 85863 
86499 73424 68909 75720 70272 84747 69564 61925 77540 90034 68278 74176 62323 69778 75024 74666 61059 58074 56311 76121 67464 78331 73971 58256 58332 72217 73019 62733 62900 79173 
61736 47062 57165 57982 48046 57379 61708 46205 52181 65995 62307 61765 50051 56771 56748 56652 55975 43458 42182 56426 46951 59663 58044 47902 50876 51720 54416 50795 48619 55485 
108328 82231 91700 95110 88785 94593 80240 90226 92925 99501 99156 97146 81938 98828 80615 93437 86853 74007 72205 92367 79805 96318 100075 75754 82884 92366 87366 77094 85633 94269 
101667 76218 81026 82035 84056 86626 84162 78470 84932 91964 81041 90489 67010 84278 72806 82643 81062 64781 72559 92728 73661 75286 86327 72500 75913 85839 73667 67185 74821 74382 
90536 81896 72486 84562 67840 82628 83842 77933 82062 99207 81413 83412 54887 85582 76251 77325 71693 63101 63194 83364 65973 74623 75533 66874 66631 76346 70629 62575 72662 74201 
80362 61704 62229 62380 65579 76603 68922 62340 69662 78776 68111 69457 64426 67919 67759 65645 60104 48256 63151 69687 67036 66370 67163 59835 54641 66375 67082 61003 60083 69673 
