3440265 2993047 2853645 3857532 3679666 2624224 4277941 3030951 3775567 2432469 
0 0 0 0 0 0 0 0 0 0 
6510070 6627136 5779640 7344374 7886124 6200272 8003730 5839706 6281212 6394066 
3192546 3786466 3147888 6765262 4833470 4598146 6328050 5034070 4801144 5911292 
1912760 1563183 1634839 2283194 2005082 1526091 2418656 1631126 2141827 2240002 
2880526 2723627 2465294 3608547 3370274 3023924 3546665 3329369 3089064 3121382 
2635482 2868115 1904824 3566070 3156321 3028323 3359420 3278790 2834327 2220902 
0 0 0 0 0 0 0 0 0 0 
2572895 1746399 1690084 2842320 2499700 2133932 2977470 2564402 2951661 2210176 
2730420 2264178 2241811 2867573 2739978 2705025 3030856 2718385 2769877 3065874 
