2734104 1998145 1303192 3108791 1942292 1855566 1743864 1895791 2853479 2467294 
4100362 1669439 1654628 3846506 2148036 2483571 1788787 1814838 2659256 2769226 
3304526 1444513 1462803 3485551 1753990 2252024 1689991 1462033 2477290 2026570 
3663537 2929756 2539702 4314487 2258139 3242620 2613559 2344446 3451926 2926832 
2575062 1975783 1864788 2807128 1777321 1703471 1686883 2537943 3102170 2247285 
2585384 1934992 1776595 2964194 1520957 2421427 2034993 1669731 2466657 2035976 
1641455 1231082 1241016 2075679 1592339 1412509 922950 1215916 1643392 1310873 
6870270 4641894 4671992 8582160 4157606 5797088 4397976 3852440 6604150 4495966 
2435471 2036141 2690630 3192552 2070070 3080335 2297257 1915123 3101840 2224751 
2691113 2559168 2476380 3556270 1897199 2617862 2537753 2463252 3822923 2599192 
