3449541 2895336 2999151 3006778 3500885 2095720 2152069 2551054 2599093 2653514 
2636094 1710325 1723283 2504133 2095969 1807962 1484104 1634328 1874088 1542948 
3417427 2878589 3073803 3358251 3197616 2246581 2234576 2549479 2990020 2353235 
3887198 2464878 2736731 3878196 3410258 2296455 2005629 2032692 2810063 2978182 
3140141 2468710 1941728 3174020 2748074 2248293 1988774 2119223 2926619 3162928 
3745017 2535682 2540091 3296633 3718720 2351509 2509586 2088509 2381832 3636431 
4056213 3150444 2145842 3684549 3459421 3099024 2214887 2703312 2860190 3197905 
2852773 2331365 2729014 2770803 2551793 1471857 1746389 1511824 2295056 2308103 
3745340 2833221 2940969 3464120 3950149 2455997 2380705 2466525 2465992 3312143 
3165427 2320143 2074485 2467981 2707177 2141267 2240020 2371670 2540027 2603068 
