77506 65588 71785 74613 76980 82478 97683 81505 69664 61588 83976 76867 94583 52485 70145 79022 78863 64891 84208 60322 64529 75918 80101 76585 79042 50603 73173 73436 75486 88749 
68048 50501 58163 66979 66211 72277 99255 79681 69086 75132 79857 61892 88863 51000 70131 70325 79009 57192 76784 61967 66298 63190 75215 74733 78704 49917 70029 69181 66502 84942 
66549 55965 60219 62481 69664 66343 94363 65884 67558 64243 72613 65337 82575 54989 71261 74853 69923 57201 70938 56926 54127 56924 80363 61085 74873 52394 65149 67343 58667 75451 
74701 57424 67604 69406 75672 78363 95540 88040 83000 69252 86183 72953 84679 48950 78822 79948 79519 64369 79498 57762 60154 74622 87819 85606 72517 48312 76797 76254 74354 85981 
62773 44380 54737 65084 68427 61963 83916 66133 61559 67171 71709 57282 74364 50963 68100 75032 64058 62383 80233 57047 55058 66942 72953 69303 73838 60197 56480 65623 66643 83091 
70248 58638 61524 85999 66493 74814 106138 90749 74296 68652 96281 74641 88528 60048 91806 77021 85265 69693 82939 57774 70020 75321 87505 87290 96373 66310 76589 80334 82029 97977 
86477 63197 72744 83340 80803 89489 102467 80857 75626 78927 85588 71589 90507 56667 85160 93511 87023 75455 91741 64830 76236 80553 92511 89055 95969 65300 77473 79639 84783 98772 
77347 56718 63029 74583 76333 80520 106924 81019 78775 73269 84144 74800 84531 57807 89060 85460 83978 76523 89445 53665 70516 72253 92681 87173 91512 69021 74145 84257 80844 86853 
80392 52440 68815 77641 70395 71990 97598 86322 74860 68305 79379 80032 87562 58971 82616 76861 85962 72437 85738 64958 70349 81594 92746 82123 87291 64137 78006 77955 73965 94486 
89527 60912 73277 76740 89536 74025 93495 84987 79181 74010 93698 75760 91890 59517 90023 86476 75184 79795 87821 71537 74434 81079 94465 83214 84676 68915 83168 82049 79451 94935 
74648 62536 69675 78014 73517 80058 108366 84785 84667 74899 89854 73803 91520 59818 89341 75079 82188 58135 76582 65245 70397 77659 96354 75076 86842 59800 82022 77926 76491 92905 
77047 58169 64713 66337 73085 68360 87095 71532 69481 68262 82377 63981 82831 56312 78588 74276 74247 75712 77845 54727 63418 63059 82763 71318 81586 59629 71684 74001 74017 87555 
83281 62987 71110 75128 86847 85778 104246 86667 86348 75661 90963 83203 92898 57025 89621 88558 85999 75124 85830 62789 69571 79421 98642 79710 77967 65127 84268 76311 76826 92041 
60826 55416 53831 61162 61058 62888 77488 61530 53918 59698 75388 51884 73798 48796 61743 69371 63890 54436 68198 48577 52938 60309 63410 51649 70879 51305 56963 51941 66121 82629 
65888 59544 60924 59936 68573 67313 80310 59850 66587 58075 68809 57627 73913 54436 64874 77043 61880 64742 71564 44644 50781 57111 74662 60971 63652 50251 62378 61564 64777 74413 
69620 63906 70791 74709 75273 72097 100516 80996 68735 64989 89350 75732 86224 57207 86142 82490 71804 69481 86269 59410 64425 67819 94963 84623 84259 62355 72533 84561 79639 93758 
45170 44663 57597 68956 58041 58642 84124 70273 63080 58055 73275 62540 70480 50371 74127 58386 64929 52784 72620 49474 60674 62591 69395 70266 70330 54675 60559 63043 62463 74295 
62754 46241 56770 70336 58695 67338 92288 73696 62392 58770 79169 59474 83719 53425 82457 60770 72146 62593 68843 53782 63501 62111 71436 75247 85898 58951 60944 70380 71496 85353 
85513 54996 63150 78065 81047 77324 105319 74727 81632 75342 84311 77023 90628 52423 87855 89026 84790 69934 84441 63262 72475 75547 89119 83228 93292 69149 78356 81353 68517 87724 
71480 54313 66354 70429 70608 77261 99725 78904 71530 71065 76361 72416 87706 62020 81295 82289 75597 67623 95035 55407 66724 66744 82468 89671 87626 66045 71162 72213 74030 86435 
73903 53550 63578 66284 70849 65569 86570 74301 71730 71649 77874 69676 73759 43518 80253 70603 73873 61250 74300 59226 69931 74318 88665 74333 74873 60307 75529 72194 66657 82214 
41520 30018 41340 53428 47065 49222 65378 63268 38252 52546 58474 46594 66075 49295 58442 50457 55685 52589 68629 42220 52387 45589 47234 63865 68736 50260 49486 50267 57462 70671 
72232 57294 64754 68279 66560 63764 94009 79117 73253 71597 86787 67509 89912 59712 86460 82708 78398 57082 80072 58680 63305 72101 87536 76344 83689 61126 73067 77798 78235 93964 
83203 58718 65199 76416 79101 68716 94424 80897 69644 66425 84112 76116 84466 57959 83727 81411 74505 72582 83564 67174 72230 76204 92317 73437 86359 66265 79620 76715 72649 87391 
61491 48397 54083 73583 64103 60667 85837 81999 65691 60057 83271 64141 72513 41156 76799 65804 72977 53138 67878 58599 66023 62573 72981 79503 74297 47844 62657 69273 66917 73255 
57080 54400 60473 64731 56505 64309 88102 68545 65696 60814 74344 58190 79568 56869 74898 66604 70107 57604 69627 45448 53085 66479 77797 66376 77555 52685 63863 69160 72238 85689 
75123 60155 74178 66648 75014 71261 83243 72600 72877 69092 73109 74312 77520 47782 71704 76868 76757 68110 72030 52515 63388 70186 76125 78760 81020 52322 75884 73540 66622 82712 
79459 65692 71232 75295 79700 86022 100480 75215 65801 75536 79903 67415 90026 59064 70290 89461 75714 75882 93776 63327 62211 79915 85235 77930 78048 62571 75922 71053 74630 97789 
71297 67463 67130 77986 70728 68524 92651 81910 66188 61509 95561 69769 86428 63697 74204 73600 73484 65056 77283 56302 62096 72843 82203 71768 93480 55599 71091 78255 83537 96375 
70085 49432 55087 64884 63111 60188 74677 79731 58528 59317 69196 66860 68070 53004 65630 69298 68580 53297 70280 54542 60472 61439 74837 71487 83218 49335 70125 61752 71546 77065 
