54116 57131 44967 68915 53781 52402 43071 62946 54136 59576 63129 58947 53601 47246 56510 51545 53130 63096 70843 52505 68378 56964 53910 65249 49244 65829 60250 60776 63936 50258 
82639 72785 75848 84993 84701 84716 67492 87623 67783 72994 81288 85955 75191 63342 65079 57304 57569 90666 81597 76358 91134 63537 72453 85378 77458 70528 77042 78704 80886 72354 
70680 63928 52944 83662 71700 80126 69331 83914 51934 67169 78955 68788 65296 51679 69882 56720 62973 77398 76585 70595 76550 65555 61452 79365 71143 78066 74222 77820 66487 65013 
61452 66101 58883 74121 70608 66072 56785 73134 57651 66134 68508 70464 56290 45942 65605 55140 55003 68514 73633 62176 69208 64652 63171 68037 63972 64452 65009 61351 64137 64536 
72833 66182 64517 86238 76538 79145 65902 93703 70590 78084 77426 73786 78487 65104 82353 61916 65476 90546 88658 76281 85094 75241 68292 87731 72179 81914 78199 80544 78783 73240 
68928 70012 78173 74557 79677 72650 69437 83949 60255 67655 72692 83824 75421 57752 66953 57587 62968 77151 85041 65770 96129 75396 71856 76727 64842 75404 86796 73498 81863 67121 
88261 75957 78216 101522 90128 94091 75858 92870 70520 84925 88362 88362 67585 72528 75784 75586 66290 93733 92980 79037 96976 79247 79341 95061 82050 83167 85244 87785 90436 70995 
76684 73284 68481 84222 81169 78219 63401 89099 69419 74899 81357 81987 71567 56264 72905 64050 64818 87197 81409 71851 82451 74095 75917 86069 75748 77157 80657 69357 77217 72211 
60707 64996 55823 67217 65910 70644 49471 79327 62721 56946 61063 67953 74278 46779 69128 56285 52866 76608 72352 56008 82867 61975 61910 77687 64324 76141 62354 72413 62769 63857 
82374 74958 77107 94119 83300 81589 71307 94704 81729 82201 90540 86314 81716 61467 87390 73620 64808 80281 92736 90641 106096 81981 82386 98006 71123 87899 88092 92373 92018 74533 
90612 86700 78660 98147 98354 92266 67509 96174 78901 90675 92874 91370 73130 67848 87193 73554 75539 93836 96847 89541 108318 90447 78533 98762 80834 95117 95097 83190 96267 88441 
69570 70931 72221 83767 77606 75017 58622 90287 63717 84106 83302 79939 71315 59494 74879 59291 61947 79159 85613 79951 93343 74748 71939 82016 68366 79593 79550 69106 82193 80528 
75086 64541 65150 80744 76159 76086 64325 79264 56446 72705 70587 71410 65221 62778 62086 52343 57638 85005 79803 68424 87290 65987 68317 79929 70259 69845 69619 74087 80919 66850 
71582 68416 65164 74052 66464 72225 56879 81152 68836 59126 71870 77779 68117 50653 69049 65913 56828 75739 81013 62985 92175 67111 73827 82376 68944 81414 71508 77808 73428 71790 
58416 61299 50187 76424 64529 68343 48092 74510 53635 65912 62100 66150 52687 52958 67574 54509 54523 72566 71165 54527 83116 60261 65982 79808 70404 75935 58048 60992 67300 66347 
66919 60949 62293 76130 63212 69810 60371 79305 64500 74147 79737 71541 70902 53062 68032 58828 52475 73445 79914 74883 80508 70434 63059 75525 58363 71850 69373 68300 76914 64462 
70264 78132 68527 74105 73627 82033 55497 89575 63988 69236 80032 78205 75563 58993 67774 55318 51736 79704 75939 71529 85003 72913 74942 72668 61527 72035 75376 69584 72424 64887 
67875 71760 54213 82808 81472 75086 64021 84027 60032 72667 82972 75454 73074 58076 74325 56415 62339 87673 76564 70520 81224 64657 70066 84564 72755 74821 78436 76258 71392 61283 
76258 71466 63396 73918 73587 77273 61217 83386 61673 72830 76345 73754 64584 54130 63090 60851 53222 78256 77801 64763 78796 65071 65287 79554 67829 69292 65901 57909 73920 66093 
72830 66889 68718 91230 72283 74402 70792 85226 71423 70488 79147 89718 76149 60086 73413 62648 62772 86214 89674 73870 86903 63771 74461 86542 72093 77070 76312 79584 84254 71934 
66286 54850 73451 72175 77880 69417 63725 83175 72318 76700 77051 75237 75300 61210 63447 53327 49140 81608 80007 79010 84952 61621 66296 77825 65540 55510 74741 69093 79240 63804 
88276 88036 81073 100935 92092 93331 70094 99143 72542 84832 95540 87052 83516 73459 81084 73718 65256 100169 97691 87518 108159 79358 92513 99172 84746 91868 83819 88140 94108 85764 
84068 85172 62119 88097 81423 77146 72678 87602 65868 69185 79620 80075 63046 60426 67051 61782 65475 80445 84674 66042 80230 63543 75600 86162 74668 76113 78424 66242 82390 68280 
56661 59844 72221 76238 71337 71733 66878 86187 57710 75996 72621 85850 66187 58844 61796 54917 56392 72644 85040 66534 87385 63256 74951 73467 67912 66672 73827 71473 77165 70564 
88158 85092 75641 84487 79820 91172 62953 99242 63632 79793 93022 87006 82391 64755 75855 66934 61827 84717 79926 81574 93101 82583 81907 84836 75575 81919 85019 80204 79053 76134 
84163 81214 69374 92443 83456 81335 69126 90138 66728 71993 86510 80683 77666 72440 78933 60907 64628 88331 87967 77572 93344 65450 72883 91680 74007 79809 84363 75776 83348 68081 
48996 53200 50175 65766 60485 62660 47358 71343 52822 62807 68009 55323 53007 50305 60894 44247 49206 58177 67274 66132 71645 57150 58063 67412 47265 58158 68061 62984 59383 53952 
68862 74402 59317 76738 67749 76262 52196 82265 61080 60911 76363 67281 77492 61332 69126 63205 57530 79604 78908 67558 84984 72488 70046 74017 63909 77875 73290 73479 71033 66592 
55947 56532 49287 64849 57510 60967 51012 67797 56246 57078 64998 60459 62719 53552 59387 52965 47040 70794 70102 58632 75037 57215 56337 66822 61779 62819 60982 58528 66999 54566 
60431 59702 62685 70548 71185 61661 59672 73105 57918 59196 67482 71011 69171 54478 57864 50022 53634 68594 72676 62404 78299 51120 62481 67556 58708 56666 68443 68811 66334 51346 
