1908612 2528026 2954653 2943189 2996291 1931300 2055714 2264424 2639802 3823595 
1446221 1646840 1813844 2327590 2191977 1966952 1957382 1326124 1531080 2180369 
1007155 1515678 1651896 1641482 1655319 1078737 1148297 1375052 1566357 2214242 
1593116 2298328 3289868 2414030 3391456 2121908 2484037 2003471 2409793 3024437 
1342834 1710890 2225744 2189231 2542855 1352618 1727220 1412793 1862924 2482524 
1665235 2132929 2143443 2898421 2409512 1651561 1582246 1593206 1706367 2922696 
1774993 1703840 2625884 2954856 2582609 2101585 2288262 1429726 2014546 3454454 
0 0 0 0 0 0 0 0 0 0 
0 0 0 0 0 0 0 0 0 0 
1884454 1943064 2174415 2561288 2294468 1846291 1355610 1605444 1800303 3021297 
