27174 24954 33340 23785 20808 30084 22378 33850 30147 24836 
24702 24851 30992 19903 20581 33293 20116 33609 26434 25236 
20048 24032 21457 21697 19161 23006 17623 28699 18164 25223 
22497 24653 25273 22641 18549 25870 19867 26947 21126 22195 
25070 24267 30217 25257 19114 27510 17856 30525 26888 25442 
28894 26869 36753 23674 20498 36268 19815 33436 32425 26150 
35666 31329 43759 31858 28166 39076 24902 41535 36429 36434 
21336 16162 20947 17644 17791 18365 16383 26191 16009 23586 
30285 29688 33688 26783 24657 35413 26078 34863 30190 24151 
28650 23407 34338 21687 21703 37439 22004 33819 30911 21926 
