2620082 1928644 3059708 1567965 2711065 1722141 2860633 2187409 2165075 2183625 
2207396 2178239 2815201 1813279 2723454 2065233 3082328 2146043 2312530 2504352 
4070620 2911280 4173703 2492347 3831460 2338335 4480858 2969168 2674805 3108199 
3272165 2416002 2655088 2445509 2683832 1971522 3189734 2500701 2714349 2936822 
4967109 3726136 4692262 3237247 4477525 3133041 5311588 3470381 3593716 3973157 
3488056 2515820 3861361 2006710 3151955 2682778 3982887 1992675 2239318 2656967 
3069695 2593658 3120600 2420695 3881915 2460143 3851540 2934558 2822792 3277600 
3025503 1912200 2583200 1942288 2647316 2165245 3192990 1877588 1949469 2293450 
3201299 2471794 2670610 1793809 3776781 2117749 3808081 2616815 2458326 2937359 
3117903 2709325 3082927 1778521 3193297 2127143 3907195 2395793 2518492 2582987 
