31632 34285 36742 28597 19058 35942 22216 21661 29771 30786 
29726 31420 36337 22699 18715 34207 17199 15123 22026 28197 
36750 47202 45415 37823 30572 41026 25016 28324 38705 40716 
25156 29652 28180 16341 16267 27231 11041 13987 20216 24225 
23155 33767 25545 23402 23215 22374 14848 22276 24869 27805 
27980 35049 33262 31782 25186 30916 20114 23595 29730 31425 
30173 30777 41052 24050 16883 37416 20133 15712 23927 29375 
25193 26464 30399 20894 19507 25874 15420 17428 19826 24268 
26833 31073 28384 21745 18850 27653 15909 19799 24029 25976 
18355 21237 20914 17135 15446 19177 13561 15436 13518 20748 
