89881 73239 98220 71318 74196 81023 89306 85720 79486 98321 102130 53667 75166 83443 86377 86349 80543 72113 86917 69398 78590 62712 81155 60816 73662 81744 78017 88877 74329 85756 
85909 70013 104910 84287 73199 88197 102023 85622 93158 105240 96141 64691 75271 96660 92650 88089 77854 70790 97225 80748 82602 69629 76988 71395 67399 88561 88100 86431 86680 95426 
69996 59859 94158 68222 64539 75693 81106 75858 74613 96917 88681 69521 66486 85537 71809 75478 75278 66658 95729 69138 67544 78726 66900 66422 62890 81333 69811 72101 74392 69330 
73450 55382 69779 69890 61389 68034 69125 75435 69703 89425 76841 48597 62215 74845 63670 72651 59118 44963 85213 54622 70397 64625 66207 53242 63549 72323 62442 65268 77893 65289 
72891 66339 90189 57052 59274 66990 84269 73214 72260 79392 81703 53734 62456 74147 68777 70506 65797 58620 80858 61100 62864 60899 65657 59105 53862 69928 65064 78074 66588 76055 
76434 59824 80217 73081 59581 76197 73850 71570 75257 87162 76867 52461 66487 80948 75148 77392 64886 58317 76168 68455 67527 61903 64936 56899 65119 80939 68142 68707 68423 74423 
73578 59063 95241 69340 61692 72877 73551 79367 80191 82700 81610 53689 65562 79943 72481 61897 60467 59684 82594 64538 65344 68797 55608 62291 55755 79762 65643 69778 72244 78010 
77775 64354 93657 81942 70232 75011 82453 85481 84483 99596 84613 65296 73488 92521 84513 82737 75009 75292 88126 72464 73526 72120 66173 69335 65341 96445 84483 80182 84366 91184 
79622 70892 92110 80787 66718 90322 83317 83348 90011 86480 89134 61421 74144 81008 90212 81982 66615 63492 87016 68441 74940 61755 74795 63322 70333 93614 75188 73285 79097 81473 
77781 70541 90870 73205 72007 73556 80303 80845 76948 88151 90196 65491 72614 81385 73762 81419 71707 66609 84102 58607 71092 74166 68352 67751 73489 91190 68841 79453 76960 73437 
81433 65777 109470 81745 72922 89671 87665 87065 95781 96643 94212 67256 85765 78772 84814 85633 73182 76169 100713 67600 75043 77676 71231 73898 70585 90735 79904 87705 86810 84035 
73160 54579 86609 81381 68636 74558 75145 72275 80624 85490 81307 63568 70805 76685 74869 78798 66368 67069 77081 62365 66293 70337 62400 65567 63217 89218 72512 74310 69703 76016 
66328 47578 80010 64699 54730 67316 72568 61067 66945 78428 74559 60451 56546 70863 65930 68352 51032 47685 70128 55309 67753 55705 59016 53786 56655 67929 62530 63818 68380 67099 
73883 57262 96505 77516 75505 79465 78554 76284 80707 91806 89990 62701 79618 83630 82423 78239 69832 76776 84094 73003 72608 65138 71150 63712 59286 96252 77042 79707 75157 80310 
74641 66728 90853 74312 68516 76117 79324 75206 83089 100525 94668 74267 71641 91884 82509 84617 73012 63303 91803 67466 74603 76134 70949 68491 79393 86423 75348 73753 79230 71513 
50502 43197 65041 56219 48611 51169 57529 53013 58025 70482 66884 50441 50471 60948 60191 51490 48554 44865 61987 41152 48443 45175 44437 42208 45938 54893 48610 62820 54947 52506 
73927 63408 93274 83690 64976 80777 72972 87082 90893 91858 89949 59310 74279 80692 87024 65931 62135 67157 85499 57814 69070 65116 56463 60920 67213 92234 75226 72379 84582 78510 
73250 58098 88773 67326 62155 69712 73334 78966 68667 84390 86132 50870 71718 77365 77480 63704 62676 61559 80742 60567 68304 68216 59349 56343 61260 82066 57194 72309 72173 75464 
70562 58561 88170 61793 63574 68151 72439 76257 73803 80702 80611 54655 69119 76137 78262 74943 58371 63246 84340 62798 74476 59203 63806 66085 58344 83204 71185 70724 79204 80108 
74454 63841 90216 68635 70744 74722 69263 73986 86570 86047 88506 65744 78440 81236 84775 79900 65483 64331 82609 60076 72854 66756 69287 56864 60120 88164 72692 76297 78646 74580 
83749 62761 95394 76705 79276 82153 73546 86123 87426 96449 86383 59431 77934 88475 78805 83483 72176 70092 87344 78456 73659 70382 78876 62667 70341 90070 73019 86145 77240 81471 
66976 51423 90475 67506 65041 74692 65611 79064 86247 82148 88805 60585 67900 68704 80116 64002 62427 66899 76801 62135 67990 64074 59134 55038 47632 85427 71210 63399 72575 74832 
71486 60509 88052 66747 67909 69673 70179 82988 75847 91251 81325 56244 60869 84077 77288 70420 70120 61975 84215 67907 75482 59533 66179 59442 65138 78592 71708 70729 78243 80111 
76630 62033 82667 64616 55049 77694 70966 73738 74806 91426 84969 60230 66556 82522 75425 73130 64587 60491 87881 65065 72556 64339 70921 58073 62966 76291 73867 64842 77115 75309 
61957 54876 89782 77609 65890 72788 75962 78787 73009 85884 77928 54987 68522 77072 75960 64722 63406 72221 80873 57638 57681 64408 55973 60712 60398 85754 68297 73193 73210 71234 
90846 72507 109227 81187 74454 85389 80690 94733 95002 102393 99230 65156 76976 95028 86525 80344 80333 77666 89030 78882 80743 76387 72056 68152 66961 94152 88592 82961 82206 95852 
63468 50610 75172 59922 58378 60567 68677 65386 72849 72334 68793 53301 58277 67278 65203 65978 52355 43583 68971 53226 61431 59867 54156 46562 50969 65698 59096 61319 64956 65905 
54318 46336 71721 49712 44078 54040 61638 58719 58631 70723 69254 41724 45970 61198 65157 49740 52714 48137 57171 54963 58977 40355 47787 41229 40948 56179 60191 48106 56348 67745 
66708 52257 83535 68705 61340 69916 78480 67240 68979 81000 79632 52145 71936 76246 77275 70234 60231 64254 77875 66146 67745 58738 65205 59475 60034 81351 64885 71408 67350 76561 
61017 57402 74709 60780 60794 63655 63786 65878 63206 66891 69063 49450 57205 59418 61760 65615 54935 51216 61908 42283 55751 46337 57173 47786 59276 68838 56557 64409 62831 61367 
