3104758 3357304 3029947 4167464 3540791 2834678 2970037 4259646 2582563 3506558 
2577126 2730301 2345340 3212595 3279409 3123679 2682463 4267761 3033407 3494765 
2450145 2235384 2276391 2971917 3299091 2056310 2029874 3157451 2174920 3085165 
2226388 2307281 1483329 2181480 2673889 1569214 1641551 2679510 1514227 2498087 
2240073 2187247 2678273 2501990 2669835 2466690 2216142 3390791 2136746 3065464 
2108640 2248356 2145643 2819566 2723008 2114831 2349319 3400870 2122958 2933855 
2151874 2396947 1968821 2611873 2637749 2451907 2179434 3481262 2379302 2806355 
2221798 2689776 2517850 3197967 3226656 2686284 2373078 4115943 2799944 3055725 
2319370 2788218 2479608 2584861 3314728 2346760 2307000 3789060 2508838 3332160 
2094042 2151818 2334562 2018929 1972602 1676903 1636205 2535633 1117117 2195503 
