2573184 2237824 3367582 2185359 1435458 2154968 3190984 1558855 3536764 3196124 
2314630 2697926 3292085 2412855 1984808 3079439 3828056 2137959 4220553 3325224 
2353486 2978503 3328217 2378743 1722236 3194607 3085370 2026467 4508965 3926050 
1482684 1669789 2480753 1706635 840915 1940825 2542706 1677254 3074148 2252030 
1902307 1851965 2521578 1750393 1176686 1959095 2400197 1385131 3174230 2777717 
2248534 2456754 2940922 1884979 1653559 2476394 2845533 1678692 3840014 3319794 
2148972 2797259 3555998 2056430 1466156 2689379 3438972 1957600 3434489 3205479 
2553782 2630648 3102426 1550016 1717862 3198659 3336276 2066310 3510785 3369092 
1666803 1919911 2614405 1604948 1248634 1773762 2720556 1488786 2848492 2172595 
2561778 2935146 3496829 2333402 1648595 3390499 3325031 2190559 4230534 3924811 
