67429 71000 68513 72246 71992 82000 67618 61430 72618 64454 69080 76229 70746 64238 70907 56337 61186 77498 76810 65316 81571 53718 71017 77887 64623 78409 71516 67664 55825 58782 
74267 65664 67597 75645 78630 80173 70704 61389 78692 67149 70504 81325 68468 67376 77024 60774 65308 73658 68620 67510 82377 44441 82938 75564 69533 76985 72435 72089 57918 62354 
60087 60504 59350 60091 67712 75454 61775 47264 61085 60720 63432 67894 64691 52555 60997 48951 56746 73926 66825 51636 66009 57759 64363 73355 66937 64677 52239 66228 60436 48364 
73336 88005 86225 86623 97576 92763 77229 68549 82471 84130 86465 92632 84542 73152 76863 72752 87748 83757 78866 71361 95928 71564 86918 91174 86974 80960 72119 80544 73544 65942 
86319 83821 83563 85377 98631 101681 79896 68459 87221 82277 86289 95573 82695 79754 85077 67487 82505 89102 83559 79247 93729 68359 83376 96255 86868 84883 84097 84135 71767 75520 
85400 88616 83917 85598 111095 100929 80840 75285 90137 90206 96144 97798 78703 79427 82219 64928 80780 94289 83480 87149 90255 80343 92067 103873 98141 89644 90294 83912 75890 78729 
65579 63689 67103 65565 72929 77193 64904 53340 69129 63316 65023 76062 64426 64364 65697 56955 68639 68866 61748 58732 74872 43596 69471 66841 67484 75482 62900 63691 56862 57210 
75875 80527 86137 74597 91589 89517 68067 56681 79435 80434 82205 79713 77750 80782 69308 66068 73208 75128 72650 68278 81608 68328 83699 83229 84464 80226 79565 73905 71366 61786 
69119 77065 64361 61773 88830 84354 51480 45767 63029 66294 67557 71846 59157 58241 64290 53996 64319 66477 53265 66902 67335 60887 78479 76354 73447 65804 62324 66773 63573 51176 
55779 53494 56535 69363 66899 57643 61613 46505 53120 62399 60968 61486 53631 55651 51363 53623 51056 57268 48109 59596 61783 46547 55516 57478 56642 52471 52216 51772 46928 42553 
95406 92409 90720 84909 99982 99632 72517 69973 94283 85714 87921 88684 78147 84839 85148 77711 83895 89203 77205 80142 104995 81065 87535 93981 94691 89724 86810 83323 77021 65665 
76081 77440 70058 72875 88461 90763 73190 53589 74586 83741 83578 78643 71936 72143 76850 65529 78159 76012 68961 72118 83531 60805 82079 86675 83676 81643 75231 74236 66371 65685 
55559 70421 56658 67269 77541 81133 61837 55522 65709 63886 68759 68508 59035 59659 61219 59311 70392 67486 57804 66681 71057 50391 73504 76217 65714 77241 62682 60083 54376 62459 
72561 69348 69283 68602 84378 83499 58533 49101 72230 69019 70067 76575 64051 61670 73862 49133 64827 67513 64397 56744 76712 60058 76511 80453 74404 77254 66000 73856 70260 56117 
80856 77146 76070 77912 95842 89881 70094 61654 86767 79490 81545 85130 68573 74430 68617 71912 80025 71952 72461 67616 81830 67378 72359 83910 80010 82305 71764 71976 67335 63313 
79025 84112 81921 75590 93194 91614 68956 56515 81732 87899 83211 80735 74162 79337 71438 62265 75001 73521 69056 72842 84767 68672 80147 84651 83671 78158 78950 82498 69560 66901 
82116 74715 74160 71487 91687 87851 68196 55459 74853 83161 81214 82751 78399 71930 72252 65126 75228 81225 76579 72838 81534 70299 82817 91230 80033 80006 68775 75068 75210 69263 
76903 72070 70392 72265 87673 79679 68281 55818 74447 79752 74792 76491 69519 68320 68839 64520 73854 66013 68402 67318 79345 58089 79379 82259 83435 75371 63731 77791 73451 61597 
95426 91757 91429 93058 105715 108628 85898 73729 95959 94877 99837 101810 92071 93864 87286 80057 94067 94267 84795 90175 106371 78567 92498 101031 98344 94610 96113 89958 79471 84328 
70322 73318 78814 76736 89732 89464 69329 56849 77203 76837 77189 87389 72027 73530 75154 65904 74361 73941 65580 68459 83905 60365 92077 83815 82302 77432 72611 72084 66582 55166 
89407 85891 73468 85768 98949 106527 79923 67032 92444 90077 90379 92816 76891 86018 81931 70620 74513 91105 76115 85677 93441 63749 94831 93333 88807 90921 90187 84863 76423 76648 
73325 70007 65808 71797 82293 80805 56334 47279 74468 66176 77054 69425 65894 69081 64452 59224 67227 59360 61387 59374 71732 62338 70033 73113 70523 74846 71422 72173 63427 54154 
78178 78531 83972 81678 87071 94646 70118 59397 82309 72756 77286 81517 71610 75495 73909 65646 72952 69060 70048 70568 87881 67440 78331 86047 81173 80838 76239 84126 70847 58649 
67043 68440 60337 59842 73425 83604 57767 52563 64785 66668 69920 70618 69756 61503 65872 45425 64670 66928 74063 66924 73880 57235 63363 82847 69969 69487 68730 75097 60005 69665 
77146 66226 75757 74688 89209 86784 67816 68401 87756 74115 75814 87407 69788 78404 72798 61892 75669 73541 72731 67415 88739 63872 80585 83008 85466 78525 78615 74039 64729 60246 
94800 87868 89640 93621 103330 108370 90440 74788 97582 90842 89288 97008 82650 90960 91881 83532 85356 89406 85412 87976 105044 63739 93796 97373 101628 98364 94259 91614 80062 75140 
83052 87825 79056 84478 89992 94022 78082 63958 81315 85038 89670 83164 78571 78136 75139 74896 89027 77940 73971 79763 96085 71128 75934 94036 82942 89963 76195 80123 70541 75416 
77104 74012 74355 72343 89357 79906 58817 51108 71645 68166 74685 70435 57148 64344 72597 58503 61712 63618 58313 60975 79941 62769 77438 77052 76180 70934 69786 66999 67757 49317 
69901 69580 64946 69854 85172 73575 66703 53041 69517 75217 76769 69299 63577 65465 63473 60891 71855 65484 62412 63265 71494 58112 69875 76832 73226 75316 64654 67395 61867 62804 
71234 63762 69196 65188 82119 88336 66830 59953 77513 79923 80481 79995 66393 74003 62817 58750 70510 74261 62842 69133 75357 63406 84497 81568 79086 81367 77808 72972 60052 63184 
