50435 53196 50764 64563 48976 68522 60778 63968 56657 63560 60481 57721 63329 69696 76913 75663 63186 64303 64778 75329 64977 61677 58198 61583 75073 61198 76001 59736 68650 72836 
77698 84356 83783 87784 81837 90423 86748 84850 76659 88141 84451 76219 87908 86377 91437 98998 89587 85567 94182 94295 85006 89371 78663 83667 96647 75781 97876 84628 88451 109189 
65336 86627 76418 87352 73784 92253 73366 86029 74205 84842 77848 73803 89906 92370 93947 94116 84058 92315 86120 105542 96316 93668 74265 81310 93675 72713 99942 74992 92576 102234 
59693 66330 73086 70474 59224 68592 60760 70237 50415 69401 70436 63161 73879 74380 73254 75102 59735 69002 75221 79723 77019 74061 64010 58510 83175 64287 88664 67342 76300 79082 
59632 59162 68117 64234 63588 73472 61866 57474 49099 70564 68937 54759 64657 55828 70219 74808 79118 79032 64331 77682 77074 70888 59315 63782 79748 66008 77210 63117 67553 80120 
59243 77402 79263 78864 72196 77277 71188 82833 73638 80225 75726 56664 72698 85312 78934 93304 65877 77740 77765 94924 86369 95062 80070 69414 81123 65170 91162 77577 89612 89313 
48906 62011 50215 57913 51902 57936 48636 56312 50171 54720 59768 43574 55721 57545 67733 73739 65090 65875 59568 72877 55822 74658 54703 54652 62341 44700 66086 60302 62121 63520 
67215 83177 77336 83075 71280 90768 72043 85866 68791 87883 80182 70344 91073 90390 92690 96155 91454 92702 89996 98216 91410 90722 69776 76344 93318 79456 87746 82061 81130 92189 
52107 65759 62067 65752 60404 68863 66996 60607 61108 69026 62241 52278 66543 72225 75306 74674 69415 70411 60653 77371 69764 74019 64195 57237 69501 56689 75305 61468 78958 78715 
70061 85151 72495 81061 72733 88916 73885 84984 73777 87736 79704 63378 81178 81177 85510 94309 90799 87582 83680 94735 88231 87503 70305 77208 87756 75237 88556 76518 75768 100013 
66594 64405 64917 61409 55295 67346 63932 61588 53309 68729 62261 53587 52571 62171 76307 80355 59287 69000 71785 84948 73321 73825 73208 60923 69037 54191 77395 57138 76403 76101 
61265 82153 73214 76026 61704 91986 79893 80198 62030 80609 76974 57671 71555 86189 91553 85360 75648 72032 79729 88627 80643 76931 73779 72754 93642 77580 85976 69541 87020 85878 
46212 56379 52392 50395 57085 64161 57189 57160 50764 54091 58538 39436 52012 65294 64603 68498 63929 62467 55406 75604 59080 66546 63648 58084 65640 57665 62455 55851 67709 60081 
66052 71480 74949 72455 62122 75125 66613 72566 60871 81385 71462 55525 69018 69845 81814 83707 72548 80894 80823 85242 75509 91701 67578 68644 76716 64764 87525 71132 73418 88779 
54979 70513 62070 69821 59938 79844 60422 73986 62820 74723 74323 59193 64100 77013 80780 80868 79599 81226 76839 90909 83472 79092 68285 71852 68794 59947 85569 68615 78061 82426 
60357 68224 73330 69478 64657 76040 70824 71683 56140 69190 63382 56422 77854 70060 75395 80940 72686 73875 65805 78933 75428 77331 61213 60381 91208 71252 82541 68356 72796 69501 
66678 75049 68898 63947 68093 72782 62940 74040 55764 67271 76717 59245 67039 78493 72362 78546 76635 71983 75795 88283 74196 79124 68584 69194 74337 58714 89852 68476 77195 79696 
57863 73914 70977 74993 68943 75460 63168 66600 61802 76074 73312 61167 74524 76648 67479 79163 62764 73391 72090 80681 82086 76780 61743 55350 77925 60658 78200 69022 73906 81105 
72464 73878 82000 79063 67288 92871 80432 79368 67579 86849 73537 66073 80962 74572 87202 90057 82755 86933 80826 88515 86881 92566 72971 77802 89439 75479 97641 77607 82069 88616 
66658 79020 75144 74370 69502 83463 78264 74965 68802 77101 67231 64652 76057 71684 84038 92009 73143 74991 78976 89214 80935 92282 81337 68436 80479 64320 92989 70635 94164 89579 
72655 87699 88349 87901 77622 105704 90762 83139 83282 90232 82173 76373 87438 96137 93088 103234 88964 95183 91160 97269 98476 95908 78442 85002 102972 81152 106172 83041 106481 103656 
63124 79695 76040 80688 72067 86261 73002 81960 65648 79930 73601 59904 67668 81021 87604 91559 88401 85236 82066 89515 81248 89685 76615 80043 79483 65564 92353 76048 86940 94974 
60715 60880 58935 63840 58899 70316 62246 59023 57644 61033 60335 60150 69782 57762 69745 71745 61588 66203 74372 73851 65439 63882 53962 64152 69884 55086 74533 56680 59988 80452 
61563 73146 76253 75574 62053 83785 65720 70505 61240 83324 73490 64371 67550 68916 70171 76871 70893 70964 74403 76871 87830 70954 65756 64584 80991 67982 87554 67257 76784 92471 
53309 62755 61185 67977 57856 71889 61125 66983 58812 69344 70402 56257 60775 71690 79719 81700 71318 77007 68540 87003 78231 79750 64409 63010 72224 58230 86531 63807 77890 75688 
58347 66307 63364 73184 54890 81302 70100 68005 63299 72475 65549 57535 74286 79576 81656 79022 67181 72432 70565 79900 73207 66033 56347 67711 88638 71958 82173 67190 69676 86940 
67704 59791 75163 60037 58836 76345 69320 65111 59484 74718 80181 58442 65582 73426 81327 88722 76191 78747 75075 87502 80401 77000 68876 68865 82541 70392 89453 74316 78709 82186 
57185 64859 71427 72309 66074 77286 67819 69798 65721 71148 69201 59379 81122 68550 72400 80028 69354 73719 65912 74216 77177 81498 63101 58599 80253 65179 83629 74444 71622 77655 
47527 56245 48825 63110 57085 56924 55671 51965 50851 58098 59000 51330 54476 58960 57013 61889 55669 54745 58197 65217 51666 63534 58983 56783 57163 47076 65519 56599 62098 70013 
72715 81311 79037 76307 68856 88450 75468 74833 57922 81229 80311 67018 73877 82717 87398 89197 80041 81139 82926 85418 80406 83055 73939 68961 90452 69749 91726 75406 88477 85769 
