18395 22777 32381 30774 15131 19015 14980 25400 29753 19989 
24789 32036 29666 38889 16678 21288 17305 26589 29918 22177 
17330 24150 22601 26315 17404 19602 11236 22280 29877 20117 
17071 21647 15263 22882 12364 18122 8819 16894 22436 19967 
19312 21607 22503 28376 12527 17232 9254 21652 23508 18620 
13859 21224 20919 30200 17795 14520 11163 17413 25000 23674 
19198 21787 20451 24694 18745 18779 11569 21331 24691 24982 
18709 22195 20343 27392 19325 13651 10821 20983 20624 19683 
21204 17994 22506 23732 12888 23013 13343 22825 24809 23072 
20162 21474 24388 26337 18960 16910 11412 27501 22633 18228 
