71975 79058 75226 61036 63671 71918 68562 78122 65908 79936 88591 78239 63256 56260 90055 65212 88195 74277 76269 68859 73545 67079 78809 55974 90996 68702 74139 61147 62758 86576 
59451 69624 68900 49893 57020 64258 64438 71704 54473 71938 74970 78765 62505 51564 70462 72438 78761 66460 62903 64991 62219 67884 73152 61057 63912 49841 65788 53355 59366 84751 
56677 76367 78565 63284 63764 68632 72386 81332 67018 82605 80777 86080 71615 58928 88848 72083 84360 69820 63212 63425 76611 69520 73413 62466 79602 65890 75327 59240 52836 88241 
62691 66027 72847 61395 63958 66153 62900 72177 63930 65548 82012 81526 57260 61832 75661 57917 78743 74316 65173 68797 66979 70020 79449 58836 74969 56941 69172 55870 61236 80687 
72135 82362 78151 64909 67763 77904 66532 82353 66609 80969 84052 94478 76763 62746 85273 62040 88338 87650 68523 64754 85566 78024 88887 53536 89124 69364 74551 61324 71833 89337 
57909 64399 72050 56770 56530 57105 58655 67319 57759 72511 69722 66669 54797 54051 79956 61008 81807 65183 65659 67521 67074 62619 67951 48823 74357 62597 66878 53680 48960 84714 
62507 75695 79037 61247 59698 69447 64602 81595 67138 79348 76828 83050 74444 52623 86801 69533 79676 73841 62070 60388 78070 68368 81202 59556 77856 63157 72423 63279 64854 86944 
60444 73866 64559 60061 63051 66525 70930 75961 50277 70632 76484 85849 64304 64852 75492 71602 75301 68672 61176 59371 60015 62013 63348 58703 73935 54260 63419 51775 62190 82380 
64185 75140 82473 65667 70274 69407 74855 85686 73548 83890 78606 90657 76898 61363 88300 69925 92210 81383 73616 78187 78552 81364 84561 61575 82223 67597 83219 60062 58523 99253 
86490 92947 78861 71813 73459 86302 84940 94991 73324 94172 104138 107365 80736 73580 92283 85486 98387 89906 95629 84029 91125 96759 95608 69722 85907 71624 87184 71197 73260 98390 
73769 93721 85633 72753 76212 76685 86592 90858 72725 90961 93841 105210 87672 66912 96129 82854 90198 92214 79589 80087 84793 81011 84356 67764 97117 74095 82673 66967 68846 101796 
64896 71510 67149 57527 58507 66596 59945 73037 57321 68303 79056 82573 63738 59182 74001 57989 70147 80388 62653 64846 65666 69921 74428 53892 77005 58841 62962 51569 58739 82846 
79232 85826 81221 60144 72139 70498 78418 84155 70936 76666 91100 87526 69986 57932 86004 81671 87348 83471 74917 79131 75017 74856 85812 61848 83814 67945 80475 60568 67678 97515 
67047 78531 78694 58422 72935 70375 63463 86151 65161 73799 81871 79198 57271 62207 76647 66615 86127 75063 63120 71392 75917 74441 84302 59439 71541 64871 78879 55856 67412 87625 
63057 75958 63696 61083 65852 56692 71473 74858 58403 65909 73860 70672 57862 58928 77286 55566 71988 72613 67775 67095 74658 62564 69854 46898 76596 67714 67365 53498 63511 74337 
64365 76726 72475 67100 66659 71772 73452 81406 69542 72328 92591 91951 63121 61960 80834 66793 77805 79981 80144 78368 79726 72575 77525 62085 71968 62170 75075 68087 62787 88932 
75405 92864 90256 78377 77968 79573 79239 98930 77560 90046 104393 113200 79054 67735 94479 72241 90612 96480 83255 90925 92667 84231 97146 71165 92496 70878 87484 76738 82388 113552 
66333 81708 73630 56366 58467 79088 70135 80879 66827 80381 82751 76731 71102 50822 81360 71256 86286 73845 73774 60104 76527 69562 75989 56071 83827 66756 68569 58272 66426 75057 
70279 71876 66322 61069 53712 64302 59927 65357 54480 66010 75320 72464 64413 58666 71536 58988 76114 64363 59964 59336 60605 58970 80376 46612 79740 55404 57202 53770 68027 74534 
69721 72637 66943 55502 58346 63455 66379 72340 60364 71753 78768 86094 61304 57331 84933 67793 83986 77090 78190 67834 70205 68657 72883 48244 83417 58434 74057 54775 59410 87160 
69169 92190 78798 74372 74557 74013 79386 96437 71987 85750 91781 92624 73531 66074 94356 74269 91590 83452 80990 74970 90425 76075 85596 63704 84027 71717 79907 69876 73355 87980 
69855 71960 68297 66001 55574 60009 68061 71877 62048 76578 75362 82910 75804 56093 77310 58266 83509 69913 60765 64579 70064 70088 79647 50719 84638 56376 63172 50818 63858 84391 
73704 83427 80259 75465 67966 83794 82743 94256 74373 86003 95296 94972 75327 69322 96977 74132 95045 84617 70857 76690 83566 80659 86813 63222 91288 72509 83467 67733 66686 100056 
62982 83414 76673 66864 68852 65871 75909 84314 69736 80941 88016 91863 72351 56879 77535 68054 86272 72495 70767 72574 82321 76962 79746 65891 77817 60149 76125 60332 59117 90554 
47354 54862 64793 49910 46695 55135 47618 58117 47630 62291 62129 71349 51460 46849 62870 55044 62831 58714 53741 59637 54562 62382 66221 50419 55125 47506 57630 46174 42983 76257 
56122 65477 73053 52708 62166 62534 57481 70447 58893 68940 74423 75299 61553 51080 72178 59142 78539 71477 52325 57848 59088 56826 70432 54187 75001 55748 60735 49659 55994 81470 
65223 70926 71724 61067 56462 68040 69375 67966 57006 73081 76320 80049 67991 57918 79315 62551 79123 67644 66611 67987 66759 70074 69811 55278 80112 58549 61369 54181 58148 85474 
75103 93653 79285 65141 71927 83482 81209 87633 72352 78800 97083 90078 74689 57665 78811 76469 81561 85858 75040 73315 85619 83972 88460 63724 85402 73759 79188 62663 68197 82114 
74774 82355 84722 70969 67754 77300 79133 90719 76419 83510 98687 101379 77430 68200 97859 75095 90061 91941 86345 83873 82093 82225 91209 66139 91257 69980 81707 70936 69316 104383 
68506 76233 78517 71848 75154 76541 75574 90940 68925 85496 89299 101770 73291 69030 96513 67964 86573 92037 64960 77771 78858 82021 91660 71362 81054 63198 89139 68935 72385 97038 
