25675 19234 24359 21541 29564 21073 28261 22095 21571 25082 
25368 17595 15230 16567 23906 14297 23204 25894 14943 28163 
25801 21544 13546 17406 21371 16010 20245 22882 18236 19108 
12759 12162 4789 9681 6679 7592 9376 13138 8383 13149 
23711 19436 12585 15918 16643 14663 18134 21391 17644 20345 
30290 22812 17677 19894 29533 17451 24985 32121 19816 32766 
30585 17804 15093 13119 22079 14921 20294 25180 17091 23043 
25488 18563 18232 17917 24170 15218 24183 28891 19742 30480 
25066 24060 15281 21596 24685 15180 27850 27584 20382 26442 
32452 25210 24298 24484 29645 21621 32499 30903 25675 34476 
