2540905 3953194 1376795 2593631 2373369 3018593 1500035 2501003 2539381 1960571 
2296324 3576034 1207398 2316934 2298425 3082499 1595305 2143854 2291300 1910803 
1122292 1868933 1399003 1646526 1542286 1610092 1266333 1725988 1259797 1108929 
0 0 0 0 0 0 0 0 0 0 
1167635 1925277 685913 1178006 1733930 1992448 1364337 1815465 1391603 1091733 
3201866 5066320 2391634 3857298 3863014 4449936 2657062 3729659 3878268 3022250 
2760859 4292730 1965687 3284255 3366448 3865416 3058681 3392104 3344702 2227726 
2198394 2887631 1867995 2150422 2276859 2512846 1806605 2319380 2125517 1869638 
1716547 3540281 1726631 3302755 2893471 3046567 2505593 2586793 2287986 1210827 
1786152 2983498 1475736 2198178 2562669 2830101 1755370 2132787 1930845 1851678 
