76927 64342 84853 77153 65957 66698 73808 93772 64022 46439 69979 61462 56167 81467 63026 70809 64099 67401 62267 78200 78149 78417 68466 76617 70228 76729 69888 69243 59583 68849 
65728 65343 85383 71186 66219 71569 71819 98469 69456 59121 70628 74052 68275 91728 62927 77731 72892 66398 66194 75886 78042 73392 65815 79968 73193 71792 83433 73250 61760 84661 
57926 63456 63505 68359 63275 61007 64400 78798 55060 54425 61857 54061 57318 72452 62800 65697 45759 58571 57775 63334 75014 58717 62382 66337 56947 72295 64248 62733 57770 57409 
73177 72475 84668 82776 72913 69102 71930 94864 68027 57285 75277 70467 70001 84101 71430 76139 55286 67040 65659 78672 81351 72135 74236 75982 62014 74421 81143 69915 66635 76424 
57888 57406 62252 65277 57788 55513 67632 72515 54071 36604 56237 46004 43969 76686 56995 61626 51911 49824 61818 52246 70157 52881 55844 60645 47487 66311 57130 59669 39901 55130 
69606 63799 84234 73818 71360 67814 75819 94080 64118 54599 78522 68489 60533 80198 63819 81329 73060 64643 69512 78332 79982 72932 71977 69113 68235 72033 70507 73443 59106 71397 
56182 55644 64297 68992 61518 55043 59520 65162 65377 45796 54267 68184 64817 76481 54569 67539 62400 52173 55534 65659 70737 52164 64195 59610 56116 61026 65036 62281 43960 63156 
60469 61641 76111 71766 62681 62628 63561 86120 57055 51786 66058 56919 59539 74481 67289 70858 51752 60940 63259 65963 78996 63686 59175 75481 58620 65664 71565 64155 69792 60565 
62305 64349 74128 74041 70818 59886 57225 74126 65302 56720 65100 60211 66099 74441 60046 71612 62175 65001 62394 64605 74371 59440 69380 66176 60045 71518 66958 63221 56143 59744 
72553 63720 76217 64934 69563 74603 70498 91399 63187 57579 78441 68052 65048 89580 77113 79875 65100 62219 67201 77565 78879 71295 73869 68852 55002 80813 69957 73367 64386 71548 
63296 74748 78452 81999 59907 62701 69614 86500 71801 59116 74491 70648 67739 85419 68811 78314 61196 64839 59461 77600 86779 71287 63649 76268 65880 82126 74265 72056 61740 74063 
80935 75192 86890 89350 83175 74844 88027 106819 65904 56158 78713 74829 72339 95602 73083 83507 50094 69407 71065 89908 83571 77827 81209 79279 75097 77349 83802 83342 73576 78142 
62107 56814 63485 66507 56642 60991 61126 81621 43013 43186 56174 62772 56997 77359 63255 66947 54356 58144 58467 70047 66771 70327 59340 62407 56873 61401 68675 52629 52160 64977 
81910 82319 99934 91416 81361 79541 80919 112403 75292 68752 94939 79055 80399 104253 86981 96821 71580 79570 77141 91891 91179 81725 81149 81812 78773 94578 86642 88871 77598 79953 
72741 74777 86701 85035 77505 73603 83866 104109 82031 71074 78733 71101 77352 94656 73985 83101 73529 68968 77857 83340 94625 76348 71512 90854 71466 82090 84671 80879 76463 89595 
71783 73988 85032 82578 84287 76985 65938 104101 69418 66731 78266 75986 76040 89332 77532 85848 64816 70912 69287 84903 86234 78825 78892 84314 76536 77178 78803 75009 76227 72217 
63596 62051 77586 87270 65470 63030 69841 88679 65989 59894 70069 61780 68194 81504 75367 75356 53342 64329 59528 76642 77791 61252 62179 73429 56002 79881 76610 65992 57979 70359 
69455 59178 80987 82348 69203 72979 70758 93378 74193 52659 76627 70842 68403 89661 69513 73298 65644 60037 66017 81878 87501 71346 73720 71452 70664 74209 67920 71125 62855 72350 
86729 71265 91423 86958 85464 75946 80222 113024 69771 57628 78415 71182 70931 91940 84602 84005 66850 70630 74075 87717 83086 82727 79390 91726 71127 81127 87230 74235 72214 79353 
79273 69797 85845 79725 73651 75537 77826 95528 71045 63506 73708 74145 75163 95671 74282 85623 75064 76195 73243 80041 88537 72774 76165 85097 73925 81781 87331 77233 71568 84797 
73588 70143 86471 86089 80037 79261 65861 91886 66496 61285 72293 77551 79763 90298 75011 84556 71271 76561 72500 82643 90871 71692 80291 77461 71390 82558 77319 73171 67939 73164 
59608 66931 60697 70669 57815 53343 67716 78800 59352 53560 58057 66377 62415 70794 65799 68855 55095 58856 57161 72832 76607 68352 61966 73017 50295 67059 72526 53367 58832 65791 
73656 57883 77499 68947 68183 62180 76774 88624 59890 49404 70784 63467 64944 78088 70160 73126 65742 64829 70907 77610 73048 64423 74612 62006 61353 69135 72431 65786 58003 70240 
74408 69892 94301 85009 77658 78837 74312 105418 64295 53477 78227 63457 71338 97568 82771 79178 60098 73942 75224 78759 89730 75580 75802 80800 72559 86783 77722 75423 74453 71405 
78890 84819 86876 84928 82856 80019 81500 108537 82137 74215 78743 84991 76579 109840 77146 89971 77593 78350 72240 85738 98957 82899 77307 97732 82502 87988 85896 83070 74303 95173 
61146 49761 76278 73143 59944 58276 64410 78568 59038 42099 66508 61702 57814 77437 63124 68808 59847 52351 63671 68742 68067 57218 65547 61441 57527 70386 72207 63410 49820 60140 
62738 58523 67662 74082 60548 57040 68812 78778 54969 48481 65744 55950 55183 82056 62848 71702 51561 58510 59775 68665 68118 64695 60479 63086 58628 71730 65410 65760 54133 63688 
50811 67833 62638 73353 65475 55517 57062 75462 60709 57189 60235 55635 65904 77348 64475 70416 47543 54214 59017 67313 73092 59186 55097 63570 50354 64960 59268 63622 57010 56979 
66603 59774 79976 76757 66253 66355 65080 85736 67368 54394 71081 64569 69821 80561 75089 78579 64970 60029 73215 78723 78321 59799 68365 65389 57496 75588 72292 70701 51684 62591 
66550 66233 82032 80095 70288 72450 73482 95284 64819 49086 77395 73651 63526 86003 71471 73740 64181 64584 65103 75073 81103 72637 71978 75415 66741 74134 78255 66973 60932 68543 
