1587888 1936662 2284004 2053172 2515439 2804232 2223683 2200328 1972394 2766860 
1240719 2012825 2824320 2084775 2674064 3183873 2439320 2441821 2333692 2698148 
1047925 1271627 1515398 1575456 1668429 2154472 1686983 1763393 1425069 2285266 
1554268 1727149 2633129 2316358 2813900 3263951 2209248 2216824 2113969 2930659 
2905346 3145788 4253318 4261516 3653776 5580104 3707752 4550368 2996368 4852946 
1451742 2115303 2193122 2003993 1611966 1833421 1884620 2336671 1674944 2724678 
1283560 1514235 2141267 1413530 1637851 2395441 1877592 2285231 1654401 2004476 
4227942 4589036 5700114 5156464 5406802 6572070 5070412 6162110 5022422 6331202 
4099894 4923130 6096132 6412812 6080516 5643124 4271280 5457078 4789330 6969400 
1022398 1728489 1959698 1515293 1838729 2157429 1964275 2116373 1264110 2198288 
