62312 60401 55431 50727 63879 59215 59744 83364 51108 57718 64543 50019 64454 58714 72833 60557 63936 66445 70578 64871 65653 63208 68052 52539 59585 61737 75316 71430 73718 55424 
63887 56234 66595 48175 70362 74016 73313 71685 61091 62157 75568 55852 66340 67817 82702 70872 62459 73757 75754 76383 57465 80495 74501 69183 64960 63948 79189 80514 76087 74584 
51376 43699 58935 45904 50787 46469 59269 54820 46527 49507 54875 44598 46729 56605 58415 59462 52704 49470 56727 64002 44684 55912 57564 50210 57547 53512 58918 60836 56195 56100 
81656 58392 64843 47788 70762 76158 68115 81001 54840 66091 77936 65359 73552 71569 78064 70623 77823 80383 77964 83215 60278 66665 83766 66729 64635 65024 71676 83383 71709 78509 
66850 54506 70916 54845 77700 72284 84166 75034 62106 68365 80717 62184 71352 82710 86648 83045 66508 86461 86861 93547 55925 80852 85301 70498 67317 71090 87429 79367 81844 78086 
72160 64750 76948 67335 85209 80092 85954 83658 65372 70364 84348 64094 75264 86521 84661 80860 69437 90555 93223 94884 63755 88780 81806 78610 70681 89519 87501 83922 85090 81389 
68721 57601 79488 61345 84373 75663 81559 83913 66548 66692 74981 68830 59690 80895 84010 83686 74480 74630 83226 90105 59872 86612 82496 73254 72116 76985 85609 83059 81888 76199 
69156 58011 75484 58762 80175 72592 84281 74967 58986 59167 75610 64431 63789 74361 83998 80867 68621 80296 76321 87467 59038 78174 85377 59973 78327 69652 86187 72172 78491 74430 
79246 61693 73755 61166 87059 76003 83124 84891 71102 68039 80915 68979 71278 74177 90868 82548 81899 72772 79252 88134 71646 84581 92171 77814 74851 73100 96047 83123 80909 85890 
59085 52247 67342 51450 65169 67945 76106 68745 60524 58800 79017 54833 63118 65975 82276 71019 63981 73337 66272 74908 54421 73249 69357 62442 63283 69873 71545 72095 75470 69005 
78132 69557 81893 64618 94507 84864 88581 95140 77633 78148 92362 75682 77990 89851 96035 92642 84379 92003 93036 102425 71727 90789 94599 76127 77191 85587 102706 93712 92455 89955 
69824 59558 70859 59496 80267 67115 74486 79348 68800 66425 85280 57894 70918 77740 83961 72107 75231 80852 88182 88758 69599 80764 73910 78683 67899 83143 83286 79631 84957 76375 
68384 60995 65461 58192 70556 58099 62293 74980 54540 60094 69409 50381 69757 73187 73436 62984 70659 70145 67862 75148 63273 69958 69741 63229 68548 62362 68609 72301 75019 71799 
66741 56966 64286 50205 63396 60474 64116 84553 55915 62776 68399 54003 66609 73237 76953 69881 64953 69223 75506 72432 63370 72481 66570 61666 57659 67675 79617 78001 80556 68627 
65419 49594 57751 51553 64546 53540 54737 61860 58930 61900 64721 52695 59842 65200 58177 66304 64221 65308 67603 73316 53015 68458 65842 61563 61123 58910 67783 62572 56527 69985 
75973 61852 69638 61505 91253 80471 88991 80273 73281 72292 99497 64415 82746 99591 89823 83297 80388 94314 96419 98376 69641 88816 86436 83649 66879 87355 96370 84689 84915 89316 
60750 58128 58289 55354 71163 67596 62396 72937 56077 58049 65008 53977 64926 68937 67009 64781 65912 66854 67053 67155 53527 74778 67889 61655 57399 64026 70384 68320 66565 71502 
59105 57877 63530 53597 72747 69704 75571 74832 56799 59650 62393 57215 63781 63820 73101 62528 61240 75032 72144 80955 58349 75995 68193 69116 63078 67271 82739 76953 68991 71204 
63219 54457 65020 69908 71414 63339 78814 68191 69537 64629 80702 55629 72070 72572 81460 73451 73714 70165 76296 87117 63206 78458 72398 69589 67655 66782 85012 72131 74202 74575 
85285 72145 69264 66210 91962 78948 78248 85623 61917 72789 80395 61089 80123 73853 80963 74207 80854 83802 85611 85291 68349 83519 97466 77856 73124 77624 82744 74109 74730 88077 
76322 63410 66214 48771 64158 68758 66118 77383 51734 68658 62824 56018 67146 63672 71764 72063 62985 77926 74407 74751 60796 74826 86909 63271 75841 63335 69168 71715 69032 73038 
58137 50621 65164 59622 71770 59614 79968 70835 56667 63142 75787 52388 64757 75604 76015 70780 65504 75100 77527 78696 52448 72302 73476 65379 63900 73325 78349 67579 70094 70829 
76231 52823 67362 59610 73292 69730 70164 72021 61721 70973 79635 58808 74368 66620 81952 71373 76913 73452 80789 77641 57645 68589 87207 68448 71080 68256 68709 72082 75019 76039 
71928 62380 73829 65259 90009 79585 81368 73935 65153 69770 87797 63291 73814 89532 87624 76333 68803 81582 92543 87576 69048 83323 93619 79778 79755 82448 80540 80616 82701 73145 
69756 41343 64263 57695 74733 69224 74671 63591 70675 63587 80883 57618 71606 66488 88159 73651 73839 66204 84666 83248 55544 74482 78973 78854 62886 63662 80426 74102 74172 77250 
80566 64203 69828 58900 80441 80517 71630 81682 55235 70694 73000 59005 79369 81088 80196 76631 67015 90192 93361 89924 65669 76433 89364 75959 70871 77419 76536 78149 78562 75303 
53922 45905 62162 49336 66607 53862 66053 68873 46937 48710 58120 54002 57478 59171 67213 63358 60738 60271 64055 69098 43809 61280 66802 62514 49221 63578 70421 55771 67454 68649 
76026 56694 70443 58923 77576 70365 78018 66987 68033 65263 83525 57842 67017 88882 74911 79082 80738 76563 78577 90589 62397 80763 80926 78894 71463 76441 77445 73812 70564 83800 
71926 56866 69231 64103 78462 75318 74514 79587 61880 63700 74050 61915 74869 73090 88033 65037 79268 82829 82413 87876 64408 80380 85201 76672 77225 68439 80896 69854 85194 74841 
66729 57456 66000 54696 83440 70065 83461 74972 56768 57667 78549 62401 69619 75524 82823 71494 74273 77901 81113 83204 61834 72933 82785 74416 66021 75852 83958 70708 73417 73123 
