71129 79480 69507 75934 80247 75623 86193 70109 88835 85757 80938 79208 81192 79292 83152 81327 68532 94613 80400 76775 72966 72440 73375 81051 70001 55081 80341 93118 93517 92172 
61077 66126 60025 71756 68730 68622 75400 54089 80698 81424 77016 78329 73235 62534 74774 76933 66759 76702 72864 69721 66735 61821 64138 70241 54111 51149 75776 80376 83704 74454 
78416 79186 78220 86546 85216 93082 81609 75677 85487 96559 90536 91284 91276 85199 76762 89756 70136 93632 83658 76981 79575 69586 77055 87641 66577 62650 95870 88247 99748 89685 
72574 70403 78954 77429 75337 76071 89824 70101 92969 82250 88635 89091 76696 73060 74782 93137 68761 93051 87210 79317 80796 73600 73798 84014 61656 59883 81504 94589 86222 92080 
75358 84641 75682 90999 83852 89364 87178 82103 91214 101438 99707 93989 90878 90427 80871 91757 76864 101839 85573 78950 88268 75549 87419 92256 66413 65721 98706 92775 102393 87606 
71540 68833 64760 76723 86301 72182 67298 62146 77816 79121 76140 77460 76700 66874 75801 70261 64573 90109 70249 74682 78853 55960 73077 80450 63726 53069 79043 76473 80207 84063 
67983 76857 69374 89834 86480 71494 85071 71190 81563 95777 86392 85249 85919 75752 77664 84446 78754 95820 88557 72822 80160 69270 73512 81403 62874 59972 85614 92089 90622 92252 
70533 76067 71826 80013 81398 85702 84417 69828 80849 84316 81193 83831 94687 81899 69969 71661 75517 95228 68953 76714 69013 65039 69560 78949 66859 57123 86129 79169 86792 84268 
52289 64952 59294 67189 76484 69304 69824 60977 75753 82925 80688 66171 72254 64017 67999 73189 67698 75010 80428 70848 61814 64546 63663 71120 53793 53552 64045 82185 79535 72172 
69226 68151 76930 82008 79828 86991 75694 70538 90530 83640 87824 88218 78437 77283 72439 87838 71929 94524 80059 76691 71871 65023 71861 81833 59690 58889 81729 87201 86614 81266 
64725 56075 61335 65031 76619 66944 63232 52499 72509 69143 67040 68389 67047 60615 62891 68561 49920 70133 67494 65725 64911 48943 60391 70116 57732 46211 68553 67778 80770 69853 
65141 62486 68416 76475 76578 76398 83124 66716 83509 85547 89032 83811 79322 71490 70443 83935 71912 88047 83221 74898 71255 69180 71287 77400 58374 55996 76986 87772 83252 78010 
69331 71189 69251 79946 90880 84026 79540 75353 91609 90472 88481 88174 83533 84238 83227 82337 69400 92792 87841 80134 73214 64248 76283 85516 73070 61810 90559 87180 95081 82188 
83519 85943 79645 95337 93098 90255 92212 82516 94157 108927 109429 103599 96540 86515 90918 96458 78653 103294 108081 93253 85131 81475 78396 96799 74324 72785 100722 105058 107521 101968 
64111 51398 71099 77706 67899 69257 74617 54591 83977 67338 72696 80301 67707 61412 59911 78217 66679 84285 77644 71919 70885 62157 64906 78061 54014 53280 72711 75747 71071 70199 
56470 64235 66161 71659 74165 82069 72926 62990 73105 74605 71311 69794 73333 70736 59703 67342 55774 76051 71417 64545 62814 55299 67124 74180 56300 54729 69965 68427 77642 66766 
49935 66472 58225 60243 62294 70831 67265 58383 72652 67377 73368 69327 65581 64891 60865 71924 58927 70165 73973 55166 57323 54984 66531 63997 59642 57066 67330 67942 71031 65597 
55469 50684 54976 70338 60603 63702 62867 50673 76403 74880 77554 70680 58427 55588 59345 76028 51467 77310 73235 59541 60669 53622 58241 62311 49728 50655 68600 76806 79076 63341 
64209 64226 69770 87695 85689 82594 89965 71353 90716 97668 90288 90045 89755 82259 68861 80337 76711 101633 79188 80646 79803 73442 72016 82764 55702 61149 79345 95104 87708 82482 
85140 86404 87230 100447 94079 97105 89253 81344 93445 106178 99663 98955 96558 90400 87830 94583 80526 99611 94233 85112 94222 77746 85018 97561 74743 69345 99655 99352 104364 95847 
63204 56514 67737 77703 69287 66861 74931 52822 71034 71098 70817 72452 75648 65403 64118 61051 63888 79690 70026 72892 64549 61958 61222 71018 57991 53030 73686 76141 70975 68000 
56024 72750 67255 77768 74332 75409 72907 50902 74754 81918 80683 74320 81152 62556 64850 74515 68982 82374 83456 69944 70750 65935 67367 71560 52285 58845 66406 78401 73324 67442 
57983 63701 66330 72854 74961 69129 71522 60637 73266 71539 77284 74824 69091 63094 65260 75286 64171 81366 80725 70367 68377 58515 66488 77186 59297 58979 71932 75882 69851 74921 
79737 76594 87311 93064 87155 94953 93957 75028 97723 84017 82278 91183 88490 91051 84342 84700 78740 102868 92529 89986 80218 79966 78850 97576 73327 56392 85525 93521 92470 92601 
66374 62131 74348 83043 88500 76216 84681 70480 92179 87117 83171 81301 77070 81074 70495 86357 71507 96106 87235 72667 81843 69055 71182 80557 64803 56110 80424 93594 89725 84456 
62810 71547 65851 85074 76512 75452 73739 61595 75563 81971 80388 75459 77456 73425 72756 76614 62998 92125 81061 71244 73894 61730 68573 79326 63074 57849 79706 81065 83345 75952 
63048 65948 67761 74617 84513 71474 72279 62162 70963 79079 76421 73063 81021 74295 62196 68890 65497 90524 70694 75789 71247 59436 69340 77003 60149 55594 78109 79069 80135 74640 
69660 70915 71731 83051 82841 87646 91923 75699 99034 95993 96615 89473 84464 86443 77925 88173 71136 103193 86972 83354 81486 72768 85360 84805 70381 66557 91353 98027 93217 81202 
71380 70905 77783 82093 78009 82550 87871 62014 87483 75291 81424 77070 80137 74769 62684 87831 70728 98812 76363 67331 72887 65082 77059 74463 67639 55903 80576 87074 84355 82797 
77483 74056 76985 84688 82154 80071 82617 71033 84947 88285 87048 90644 83447 81228 83218 78547 69189 89908 89938 85143 84932 70496 81075 88088 69014 57709 87285 86038 92208 81488 
