17002 18059 21624 14196 24305 20268 25472 15438 16302 22550 
26102 36675 42896 33658 37704 42494 40571 31772 33852 37114 
25713 27872 36464 34269 37185 31976 32388 30008 27531 38103 
16515 15107 21284 15881 24480 25318 23984 19752 19678 20578 
14183 20554 28178 11435 26357 21069 25156 12594 21378 21666 
17474 24841 32103 21795 30794 29837 34190 26678 20652 26076 
21483 24886 32806 22168 34627 33855 31824 25113 27489 29011 
19194 30413 34644 28487 32399 34636 28337 27430 25905 29109 
23364 28914 36308 25391 34214 29201 37044 23541 25669 34597 
15621 16833 23016 12462 22048 17591 26199 12554 15912 22096 
