34722 32802 29236 28401 32193 21667 28279 27977 34169 30168 
21608 16002 19351 17101 15840 16703 11615 18427 18692 14394 
27813 24897 20993 26476 22469 25101 23944 26850 28288 23806 
23113 23325 20464 23845 23746 17557 25951 18631 29246 23503 
27751 25045 27069 21355 22111 23428 20099 21647 25557 21456 
31637 23673 23643 30522 20710 29367 26970 23915 33866 26677 
29652 27658 26775 22626 21669 23495 18928 20716 29157 23657 
27477 24873 26643 21665 23386 18013 18713 19572 24145 21436 
28563 24169 20560 26223 21759 25935 24589 27944 28608 23052 
37584 34137 34526 31969 30281 30812 31951 29907 37653 30667 
