1919464 1331673 2421247 1597990 1532421 1462910 1577797 1615175 1604277 2312745 
2098463 2513461 3024378 2150275 2354138 2828594 2998298 3055531 2630060 3835634 
2443350 2297792 3171072 2371013 2170908 2707608 2959674 2559541 2420711 3715778 
1256264 1374559 1629209 1088987 1238098 1525726 1587886 1705347 1428552 2016429 
1441063 1632559 1936897 1856013 1123962 2237136 2434161 2009268 1925672 2799949 
2019474 1824696 2556144 2512722 1757052 2545800 2609818 2536226 2269954 3387826 
1560516 2156548 2920647 1889918 2074933 2144860 2294078 2639054 2087516 3376500 
3375280 3249001 4168898 3093901 2592000 3633154 3794079 3501238 3696594 4816112 
1182526 1812725 2298065 1102696 1832998 1488241 1940042 2057312 1619549 2658108 
1817900 2137041 2414836 1762205 1457903 2530727 2460071 2542412 2502083 3122329 
