76836 68943 80526 78087 77386 71184 78286 78740 74742 66286 69394 75204 68094 78344 52252 65640 78882 80777 85927 72499 84410 80232 79919 64167 68177 80117 65648 91719 58489 73635 
94577 77740 92468 97071 84112 85544 85148 94222 78956 77106 86231 88980 79499 88133 57627 77291 91327 94123 92346 79869 88345 90010 95538 77466 72142 88792 93052 93585 71747 89210 
77845 74080 89183 85651 84443 74435 76963 80273 78244 67739 71011 76949 72130 64938 53021 70030 89337 79616 81974 72375 78994 79891 66177 71120 67448 73045 73196 86000 61793 86435 
79437 69008 84311 95782 87012 86273 83351 82574 77854 83475 80892 91543 73956 70474 59786 68359 92688 86438 90057 82639 85570 88633 76412 77143 68377 87770 73041 98894 72425 85613 
81689 61792 76751 81414 80132 70346 73970 88279 78171 60839 63865 72603 73108 62839 51740 72435 77676 80344 82828 68416 82487 73857 71108 64924 62447 68246 72871 81904 53770 72859 
71128 68606 75401 71887 70885 68213 60557 74468 67184 59540 69818 66796 55423 59862 47071 63433 78710 72285 75765 59239 78763 77954 67491 59166 59104 64116 72003 70148 51121 74293 
82923 63223 85336 82351 85665 76033 71386 84357 77983 67333 78425 88928 59185 81640 54219 72862 79875 72167 89725 72118 74455 82007 79661 80397 68542 81485 72826 86767 59577 70136 
70267 56807 69675 76150 67201 66821 55070 78633 65323 61884 66005 73602 54200 60398 48391 62668 81761 69069 69723 59861 68337 71986 62274 66970 59878 61147 68935 69588 48790 64175 
85582 74719 83934 87849 89396 84195 82691 89513 76561 75894 87388 91860 69482 83238 59858 81380 94232 92101 103959 76864 85072 89085 88976 84981 65803 86557 78561 84752 65155 91978 
68357 67468 76422 77277 80867 64232 64669 81438 73622 60147 63385 75175 57604 63378 53974 73206 75220 76712 92257 63853 75628 77122 75110 66661 64537 70782 72381 74113 47080 71783 
76628 59223 77102 66039 70951 68202 66683 67384 65728 50886 69410 68756 65075 70420 43221 61114 77264 74693 74907 61740 69240 68969 63336 63682 66644 69136 63287 75366 53527 76946 
71483 57771 69276 77492 77670 73980 64800 75055 71564 64498 63009 73893 63663 65407 50062 62401 72447 74650 73882 62075 71553 77178 66504 65688 60956 67652 54340 68861 58912 70001 
76249 65177 78667 85696 77322 77480 84092 87863 68896 68955 72770 84103 67774 76583 49878 69883 84339 85745 89593 74768 78978 79483 81423 75890 63123 79876 70814 89386 64847 83539 
65716 52084 69842 76018 71179 65747 58514 63277 53249 58559 64763 63129 61139 68956 45461 54557 62391 72440 78524 60006 71793 67000 67193 58651 53082 69304 47239 75018 46920 68345 
83452 78161 89955 93757 81480 87764 83165 98368 81529 78619 83026 90709 68343 83205 50487 73232 94449 92668 90758 73842 88762 96110 86493 80800 74982 83756 82780 99978 77637 89163 
81103 69844 86202 78101 83739 72746 74894 83430 73148 58371 73885 88022 59802 75098 51349 74575 82936 82117 93053 69872 73200 81739 77803 72597 71398 80103 78122 82948 61972 83276 
50456 54157 56139 59884 58448 51505 46883 54932 54195 45837 55467 43343 52053 49680 38461 46442 64839 62720 54736 46355 59696 58197 49608 48773 47147 47000 55714 62282 42369 56671 
86649 80871 96411 94563 86575 82609 83593 93585 81760 70892 85523 97394 74085 83949 52683 75701 89798 82272 95101 77930 87134 88540 87876 81468 77100 89509 78495 90207 64058 82050 
92121 79167 96641 90975 84462 89061 87024 91383 77984 75902 88062 90686 75796 89285 57243 73393 91961 97066 90849 81435 91776 94543 87341 76046 76682 89025 80892 103275 77808 91677 
81240 60103 72101 77273 71982 71307 72786 71809 56189 59498 71655 81831 59060 68887 47445 65166 71189 74513 83238 67973 65529 68728 79898 69489 51547 76173 73274 73457 54242 78220 
65489 57195 60800 66566 60429 53897 60745 67218 52707 43652 61022 70640 48756 57887 36477 51732 60032 63902 67563 45521 54411 60351 52781 60233 55682 56814 50889 74689 55275 70482 
74199 61383 77080 77674 74269 63790 69204 78575 66942 63995 66898 77829 59588 64052 48266 61769 75361 67562 71454 60379 65278 71217 64372 67678 57769 67745 66828 71319 55542 71576 
86480 76892 91666 92485 94058 84072 81350 92442 74044 76191 94335 96186 71994 92065 56326 71881 98735 100873 93650 78184 84432 87830 91520 84702 75022 86895 88111 89441 70188 93660 
67455 57531 69902 64910 59636 60696 61483 61269 62184 52968 69507 60583 57314 57770 48439 55803 67123 68426 79286 60625 69822 69495 60719 60390 55452 63296 59202 80006 43760 68912 
93314 79377 97571 92971 92004 85504 88018 89533 77899 63027 91638 101731 76911 86750 59044 78334 87802 93551 98134 81979 83747 86001 85086 90314 82688 86772 81315 92995 71150 102577 
69588 61951 71059 72992 71306 63629 59841 66238 63949 59883 61612 67144 58397 57767 53098 56222 72701 74196 70967 62160 76063 73100 62836 57719 63900 63871 59925 71772 50537 76907 
73126 75957 78425 82497 76157 76229 70751 76188 75609 70090 79849 76673 61416 77403 50511 67656 85911 75746 91110 67958 82213 87205 76639 76755 63581 81901 64629 83340 65688 84352 
69947 60039 70257 74451 76332 58934 71203 79517 63665 59889 63919 82488 55865 68717 52778 58596 77266 73866 75490 68595 62156 63830 65925 64416 52927 68851 66411 73045 61756 72386 
87265 78389 84855 99655 94141 84770 84700 96636 79915 76408 81285 97057 71833 90353 60659 77248 93379 102179 106503 80470 83479 91665 92416 88813 76756 89700 80721 96694 76447 103580 
73301 77557 92181 86593 77808 73989 72140 90270 81347 67532 80792 81304 71068 73439 49957 69875 81243 85115 91401 74446 86661 84618 82600 72473 68988 78270 83493 88708 59725 71374 
