2729676 2313165 2666715 2730117 2977067 2512609 3153617 2940467 2138315 1875639 
3800683 3450916 3474783 3977203 3974641 3447234 4744053 4041379 3005664 2377831 
0 0 0 0 0 0 0 0 0 0 
2757389 2529455 2662642 2055198 2494806 2043031 2777536 2465143 1742654 1593323 
2397485 2321413 2507083 2722748 3039472 2345917 3201641 2567729 2184485 1848016 
2961831 2527475 2419839 2919149 3365185 2510979 3461560 3006772 1713923 2256214 
2505985 2103508 2297144 2591199 3530940 2992983 3620651 2805688 2001311 2380891 
2094633 1652618 1960875 2465898 2669183 2483130 2975439 2721406 2045783 1661021 
3319000 2668319 2403849 2657454 3280568 2374972 3736372 3260759 1862942 2153523 
2774899 2517419 2549983 2743459 2702764 2417380 3604358 2660763 2182892 2015425 
