73607 63528 67580 77645 78529 61353 72319 70031 77319 61782 78140 66313 61814 57286 71189 65699 73390 66885 84311 70766 63156 51754 76617 74822 64133 62424 74995 82096 80976 71206 
84964 80396 72216 94137 88914 68696 73905 76253 78819 63288 81419 80451 69893 71694 78339 64639 89065 87747 93323 81689 73279 66097 65973 78146 68037 67548 76263 84357 75210 73825 
80369 70330 76417 83102 88092 68164 78876 83131 88283 61992 79145 72278 68207 73663 79025 74429 94497 79606 98853 74068 70346 70447 74166 84197 80413 65704 89806 88856 82223 75806 
90241 91386 84463 102137 97550 75046 88907 89830 95363 82502 92692 85006 80742 87394 91326 89221 95275 91872 103478 94390 79333 76859 88792 86999 85687 80434 100393 110278 91271 92650 
66906 58687 62789 69103 69552 56418 67753 71812 63305 53744 63475 57800 58898 57149 62637 63469 69308 54884 64130 64058 51085 48504 61812 60888 62338 59052 72236 70447 63494 55786 
85511 79955 76858 90815 87595 69490 81873 93133 87764 58827 93168 71652 79372 67989 88476 67303 90722 82840 89823 86728 67146 62570 81641 89750 76739 87684 89513 93036 74375 84285 
80354 69413 66126 83928 72627 58606 61642 76231 73949 63724 65614 64916 61383 68308 65298 65185 84081 71656 76341 77201 57554 58341 57450 69095 66152 51251 77760 78336 69099 68368 
78468 71958 59241 76326 73275 61324 60454 65661 66244 64014 65515 64315 60430 54692 66108 59279 76985 72750 75619 68886 65348 52608 61023 60140 58090 50561 67692 73509 71958 60326 
61536 55271 48632 66272 62608 53243 51000 61360 61729 50413 53930 54261 55165 53649 58378 54355 58937 52069 61496 57006 49761 47876 52331 60615 50621 45545 60010 66399 55634 52757 
77088 75452 72132 88708 82274 68573 80023 78084 77468 64310 78922 73299 66211 62118 82518 72819 83075 83975 85393 75221 72966 64398 77052 73861 72422 64256 86606 92761 78535 76193 
66970 61909 62353 74022 76529 54753 62457 71618 73678 51384 65676 60187 62156 57618 70356 62032 80536 66378 74021 69816 53073 49521 61728 63325 65469 59409 76318 74989 61274 59529 
70764 60936 68002 78511 65850 64783 65270 78150 84486 61957 66580 64349 64905 65473 69790 64181 70018 71617 83707 73379 68599 65129 73633 76145 66142 57798 77653 87678 72170 81978 
72523 72113 62743 82097 75842 63582 69831 78029 77151 63994 70765 73376 65985 75036 74776 73108 78981 75538 87813 76058 60423 70308 74638 77465 66457 61896 80865 93156 79141 76551 
68888 62904 56045 67384 67078 43914 59008 67782 63160 49425 57655 49931 54128 51906 58879 50904 75363 59527 63864 69243 49293 40779 48041 58650 56653 50698 68335 59220 56830 54228 
75113 69466 70249 79156 67735 62920 69123 74553 78104 57941 72336 63246 69363 57709 70686 61646 72304 68268 71539 67148 67037 54306 66594 62816 61581 58306 71158 74940 68152 65466 
67721 66402 62221 76567 67652 60955 61371 72736 71378 56508 67219 63895 57597 62105 66106 62192 66544 67160 73698 66749 63270 58835 75927 61469 67191 53181 69744 78105 65758 74152 
91642 84452 85108 93662 96915 68364 88942 97003 99368 76256 90843 74490 79299 77054 91753 75772 99224 92370 100073 89432 78562 73812 88914 89353 83682 78484 102623 99827 81136 89044 
95538 87322 87722 105882 97655 69328 86674 90279 93674 75320 85810 81311 73580 80709 91772 74291 103398 92602 101631 99504 74505 70714 78999 87687 80154 77079 97010 101803 87045 92405 
80243 75739 70423 77952 75833 59310 74401 82383 76987 55863 82918 65730 61095 66546 82018 60199 81513 78484 85171 75434 74913 63069 70132 70968 69274 69480 83662 82995 72014 79128 
96230 91569 82410 104052 92035 76546 91802 103550 101513 77838 94668 79672 75447 84559 87586 84938 97090 93211 100833 93561 75400 74745 91065 88919 83953 69308 95524 101630 90419 95530 
68056 60462 58497 69712 61634 58355 62896 62083 63848 56082 62525 59327 60008 47724 67965 55381 64541 74419 76560 67963 61876 53406 58190 63448 56230 59628 65258 74448 65838 67149 
73922 68992 61914 72303 72920 63825 66742 69709 70491 66520 74960 66161 61519 63412 71400 60921 73376 66693 76675 66757 70135 51662 62806 59390 56953 57208 65242 73137 66291 65543 
88606 66317 77406 78076 78602 71470 81385 85915 79491 73898 77393 69062 67928 67145 81770 74353 89375 73204 81535 80990 71543 59828 65136 70536 78581 69373 87564 87982 80920 73512 
80584 77151 75056 93860 75813 62520 69219 84244 85826 63857 76280 78223 77483 73672 75976 59506 81512 84614 87440 87321 75398 70636 80526 79233 69135 71704 88014 91993 75184 89920 
84511 79180 67121 82445 81339 68151 82838 84919 86288 78527 77839 66736 60485 73053 77771 76352 89466 77791 88122 83489 65606 52972 74888 75816 62452 58944 77648 84856 80553 76291 
71234 66474 60716 72065 58645 58569 67236 71604 79968 60173 61739 60537 57291 75193 65936 62996 68202 61434 73447 71251 59966 61640 61937 71695 59022 51446 72398 84550 69593 76287 
76135 67696 64990 79447 67860 58508 64348 71132 70534 57480 70088 58142 52411 57407 68426 65223 70819 68448 71153 68372 61247 52795 60587 64957 61398 51254 73431 81139 71638 67731 
73154 59456 69874 71312 75118 53881 64341 65680 77319 61726 64181 68016 61548 65132 73518 61123 81363 65737 87332 74958 64616 59687 64494 65257 60346 57060 78764 82727 73561 68423 
86892 74765 80538 84015 83483 59774 77059 84725 83740 66366 77893 67684 59918 84208 80155 70070 88783 67511 84711 85640 70378 66391 68051 79729 73190 65300 88678 82647 78348 77398 
78556 70444 69071 82107 75761 60949 76204 86924 74129 66331 66725 65026 65318 63247 77348 69306 77253 69936 71947 73354 61858 60018 74375 67177 66508 58523 83911 79819 68109 65760 
