58203 74698 58914 66073 64129 56652 51035 62656 53428 60929 64081 47436 54230 56087 56750 67337 56686 56309 58976 64157 61179 62282 63979 74147 51164 63358 69130 51829 56416 67111 
94524 98512 79363 79252 87323 86592 77821 81877 81319 77433 82415 66571 77006 71530 76357 100532 91084 88174 88918 82750 80861 91266 89680 102100 77329 89023 87877 82141 97241 81000 
76572 85383 66555 60328 77696 67204 56521 66494 61039 63922 61590 68879 59912 63081 69769 79750 73878 73235 66693 70328 68655 76348 81684 87960 66190 80349 72658 68649 74547 67089 
77997 83039 76189 73140 83214 67401 62154 67192 64595 68724 64244 60093 57655 66750 68504 86234 74873 70554 67615 65355 74664 78875 74605 88350 62404 81632 73383 65462 78725 66222 
101851 89773 78682 66781 72384 73200 68999 82143 74432 75789 72166 64510 77843 66990 74691 94535 86211 77224 80147 77720 70218 85984 81769 87087 62516 79243 80763 72887 79224 73046 
95267 89592 72112 82316 83228 63736 67125 71745 70118 74552 71655 66361 70339 62786 67768 95381 80333 76955 76462 71535 66838 79373 78818 82694 66513 79160 74325 65813 82648 75432 
89406 94992 73282 70327 83809 75398 63581 66308 77146 69520 70397 74070 70267 69541 73032 96913 86564 71744 80576 74920 76373 77782 86669 96162 68652 87204 80175 73431 87269 70087 
78553 78519 58531 63590 69804 63695 61337 63277 69154 64060 68484 65436 63166 53350 66065 80440 81184 66492 75236 71916 57968 72996 80262 78509 62803 81928 73293 69239 75754 68258 
80456 75327 74913 72592 76318 73326 64798 64986 71738 72505 60068 55931 61307 60302 65909 76861 80731 72480 65263 76250 66109 77724 63298 79097 53719 81694 72522 65430 79697 64496 
88918 95088 76448 73320 86236 70577 68704 76382 74344 68787 75842 69078 73493 61933 81300 95007 88764 85114 85385 76367 69795 81993 77322 90541 75692 90097 82106 76387 84231 83742 
78982 91287 76309 67078 81086 78407 52922 60968 69727 62310 61197 62957 52924 67019 75902 83288 67339 77180 65079 69158 66701 80137 88756 92072 61179 80261 74192 67572 81851 70121 
68213 75811 71496 61002 77210 56173 51534 63476 53480 61300 63305 59097 50803 61516 66139 73986 67556 67161 60322 58568 56465 68040 75590 79462 58079 76211 61208 61453 68034 64788 
75274 78409 61957 66221 63425 63272 55641 64019 58374 67551 66113 51831 53459 58714 54348 76470 67543 73468 70825 57011 54260 72656 71647 77850 56319 69462 64513 58279 77215 71697 
85499 83924 69333 66607 73517 58401 57352 71071 65088 67421 68834 57935 69080 61628 66837 80560 81093 71294 76737 59881 60681 71686 77000 81621 63742 75785 64988 61992 80250 67634 
96649 97291 85792 85885 95403 80491 72470 78704 84200 80471 82667 69128 67512 69512 83333 96464 91054 92637 87876 81640 81982 93196 84514 98504 77013 104748 84265 76638 89632 81989 
95158 100898 87877 78773 86160 76124 69212 78096 70915 75700 75254 75957 75068 71845 85655 100449 88629 85638 85752 83462 84092 85510 84564 98350 73161 89994 82311 81480 81718 83108 
83951 90528 79746 68501 81960 73831 61165 72542 67062 82660 65893 65569 69397 68212 72621 84142 87824 74843 74132 82023 75495 73089 74197 89134 63960 83337 73261 71791 82405 67026 
69174 66311 54328 56362 62738 55343 50592 48844 60994 51017 52657 49608 49873 55307 56360 66152 56763 65598 51576 47341 54063 61044 57531 68154 47583 60215 63224 53879 63906 53301 
82613 68783 67223 75753 68683 71667 69800 76243 66858 61725 71447 62876 63891 64675 64299 84835 74300 75372 77649 70242 62374 79648 74730 84549 59049 72272 80317 75742 81094 73167 
92754 91276 76359 64314 81301 71534 66144 78062 83921 70124 75252 67252 75892 69389 74113 91174 88575 79327 83885 72351 75318 74667 74978 93469 67860 88243 81581 77211 84785 71003 
78137 90048 72654 78487 81022 63667 63630 68253 72403 64621 68417 61249 66007 61005 66244 86511 77956 71545 70917 67489 74188 71252 72529 91174 62460 82758 77953 70225 79765 72900 
85609 94085 76296 75147 84720 73902 64764 73417 75829 75878 70974 69678 70322 71330 76842 89995 87207 78300 83967 75894 78860 76315 77688 88316 74275 94898 75748 73006 89075 68764 
82717 98523 83522 67330 86160 71931 69915 72697 74262 66986 73071 64681 75196 72363 75750 89802 84743 82796 70113 68395 72055 79535 78856 102004 67959 84258 78174 73677 81644 79096 
88196 81400 79867 75644 82877 67362 59298 77751 70623 66882 70091 61318 73177 62519 77884 85219 83234 72711 75031 79296 69757 71254 75730 81837 62647 75611 73824 72008 76993 69977 
80502 73887 73217 69134 72898 61217 67901 64684 66481 70491 66782 61453 69460 62716 66893 84093 83686 66432 75616 68703 60947 69093 63106 74970 58526 72776 68583 66608 74419 69873 
100741 109227 89155 87786 96563 87823 77063 87122 83709 89639 82963 79136 84239 80068 82640 110999 102224 86545 98567 86685 82688 87983 93355 104022 78821 96724 85039 85877 101781 84950 
106765 125225 92892 95252 103560 90232 80499 87115 95106 86083 85659 90090 91204 82443 98334 118904 106345 96640 97688 95991 91215 103131 111059 116009 89570 109038 101533 95482 108224 98527 
89052 92563 78742 71153 80838 71025 58103 73406 78256 64763 65276 64979 67770 67095 78075 88754 74570 74250 71905 70859 69665 74838 75281 85476 64577 83530 79878 68999 80340 68128 
79288 81523 67866 56265 71611 61598 64918 61532 71554 73100 68973 58784 70432 58226 67160 77047 78498 63376 65054 74349 68874 62728 71691 76944 54442 74256 76769 68678 68809 64210 
99429 102175 75718 80522 88197 84431 66919 79964 79335 74403 70286 77638 72698 67311 81557 99736 90373 87551 83151 85687 82731 88292 84979 91245 76996 92270 83077 84303 88347 74057 
