2984309 2494062 1316228 2415658 2329125 3015691 2792311 1836481 2757443 3219319 
2477441 2569024 981760 2034065 2170057 2952680 2976315 1929368 2543883 3097319 
2023615 2657759 1272363 2345954 2367752 3186728 2688312 2145313 2874881 2933584 
2986088 2171036 1846312 1647975 2487820 2580064 2239720 1643125 2612980 3051142 
2108382 2059530 1374147 1742747 1882389 2430585 1901333 1745134 2631054 2531091 
2405222 2409209 1569939 1821849 1924591 3075241 1428954 1596730 2848247 2940052 
936161 1393463 666204 900319 1312745 1531703 1195757 895098 1576066 1362651 
3704760 3253278 2104039 2319195 2630049 3963295 2958122 2006030 3620348 4233849 
3091922 2779712 1851253 2015487 2652999 3077670 2858571 1806270 2940332 3546259 
2582179 2438266 1167733 1905057 1952200 2458015 2773566 1750948 2444857 2880436 
