2175268 2169283 3009674 1897234 3103586 3034238 2387341 2286837 1223983 2119988 
3137554 2863850 3380460 2970236 4521886 4117387 3213813 3047747 2097474 3272428 
2762234 2797888 3022352 2929777 4154326 3587328 3307091 2944494 2175041 3376324 
2796863 2095997 2574107 2708389 4376267 2901721 2888473 2415433 1444667 2613344 
2324644 1931428 2285409 2498559 3369215 2818878 2614616 2541504 1509884 2589979 
2902166 2315444 3017875 2987410 4033822 3706020 3492117 3294513 2114560 2951436 
2208103 1878865 2062361 2183645 2630267 2925424 2391173 2710480 2080103 2231333 
2344280 2015671 1997155 2308721 2992290 2559437 2635496 2811129 1549650 1838978 
2278435 1490217 1857675 2328876 3368023 2621820 2749971 2282417 1135837 2426818 
2204969 1903080 2425806 2656425 2916400 2185756 3008426 3073453 1444444 2265744 
