28373 19219 23101 30819 24039 25543 25356 27540 22445 19172 
44273 31611 37357 47256 37627 40320 38611 40455 32219 34075 
35746 24438 27671 34367 29871 31144 26163 31011 25583 24634 
27012 18950 25624 29553 24454 26809 23015 26097 22082 21158 
23337 17943 27479 29271 26783 22681 23894 19794 16994 19308 
24384 16379 26029 27391 26234 20952 20393 23074 15047 19256 
24914 23397 30070 36370 30496 29719 29933 27634 22543 22645 
40162 29776 30894 40098 30581 33656 34325 35477 29464 28978 
36594 28977 32635 41537 34336 33303 32393 31912 23903 30563 
31200 24126 26813 38091 25683 29847 32788 29418 25090 24953 
