3146224 2374454 2903646 2711476 3339039 2561767 2321921 2114396 2184239 2354407 
2809635 2729562 2968974 2441541 3765302 2499407 2758907 1757029 2609922 2806739 
2801086 2547325 2859450 2365164 3872040 2408975 2602300 1731657 3066788 2798000 
2715424 2515275 3146853 3098359 3801687 2972382 2831840 2276167 2245468 2432192 
2946519 2597633 3077655 2593880 3470606 2910477 3046178 2047053 2641921 2802045 
3713195 2922045 3252909 2151094 4007000 2792131 3258451 2188266 2736398 2515073 
2547834 2898532 2941907 2750952 3628735 2221057 2949980 1974590 2386821 2619121 
4027736 3121622 3791010 3207059 4655112 3277054 3246303 2498723 3602625 3433057 
1729803 2222938 2180825 1948118 2899250 2111382 2319942 1165911 1805068 2449556 
2862186 3118611 3473845 3108149 3972051 2854554 3420220 2135115 2524783 3294903 
