58104 68808 47421 71497 55731 65468 77573 63512 67324 58828 56099 62523 69897 56748 56803 52031 63592 61179 54707 58921 54746 46712 47397 56632 69220 71065 60829 62024 57642 72496 
54580 73945 57365 62858 57013 58610 81967 58402 59822 69743 49517 67075 58211 64778 58724 52890 58762 66063 65992 59666 55028 52046 49166 59137 75337 61547 59412 67465 53869 69674 
78497 104083 77009 86712 82807 95188 100902 88004 85927 94959 74045 95618 76565 89624 83642 68598 86386 86415 86285 76107 81478 76090 64715 87031 87037 80081 78187 90617 84855 92028 
63693 86586 67287 64609 72021 69945 96321 67496 68387 76895 68203 82390 70903 75945 67582 54748 76116 76760 75308 65592 66633 71940 55938 64073 82717 76271 67457 78021 64685 84177 
72270 85814 64184 75894 66366 69430 90987 72053 64327 88026 61120 75374 67948 77235 63202 53566 77221 75465 72685 61976 64521 58093 50222 69547 78735 69921 67650 69041 63636 77829 
74503 94287 68931 75631 73724 75245 93132 84257 71080 87685 71459 87978 80132 87290 74097 65809 86130 84151 73866 67818 68640 73965 64579 82766 94950 88074 78308 79602 75072 85739 
73895 83453 58539 75856 71254 81331 92477 72656 82191 77177 73995 74244 73190 83358 69161 62036 78187 82067 64577 63664 67273 58066 54806 66388 74834 83637 77512 78227 68226 85176 
78691 92852 67235 83208 72084 84878 103864 78678 77025 92950 62227 86668 68452 90464 70236 62360 88085 84161 78901 71898 68982 69361 61844 84345 83455 86016 77360 78221 76058 89250 
60436 73180 45435 64118 56369 61541 77232 55548 60126 66450 50713 75829 51918 63991 61712 42210 58002 69020 53623 43553 51992 57492 46461 56592 63615 64543 58925 69925 52982 60285 
56391 61420 46967 59789 50537 56822 75781 58053 58199 67082 50231 66670 62345 52019 57824 44498 59687 59464 59052 52501 52918 49336 46091 57056 70354 62770 57052 54465 52438 59695 
59268 74773 55690 62687 57025 63454 75833 59028 63183 74704 58396 68550 58910 64922 59943 53253 65675 60238 60066 59416 60348 49815 52916 59048 67243 60987 53436 56874 56789 68403 
73747 91385 69790 80325 66976 90031 93773 79724 86880 79663 71256 91875 80977 90898 66982 66972 85704 81751 70956 77045 67307 63523 62753 89545 84956 88850 76826 80811 73512 93308 
50867 82419 59700 65338 59760 66385 80891 63837 60840 68480 52073 72189 64412 66181 64874 55367 71221 65532 59651 60926 55063 61184 60464 64145 73255 66581 56495 68204 62203 79008 
78439 96007 70630 87355 74308 85671 97739 82856 83234 81874 71184 92600 77375 86877 71276 69892 87724 81891 73046 73733 75133 69717 62374 82381 84634 82129 75641 89401 82609 91123 
61914 77726 56407 67352 53813 78005 83842 62495 71033 69107 56657 69765 69999 73512 65705 54670 76375 75904 62024 59522 57835 51827 47821 64898 78153 74604 71184 67467 55113 78944 
58360 66635 52540 51845 63868 60045 80866 62952 64777 72042 58054 62939 67637 61440 65754 45478 70942 61675 59896 53380 63029 54816 51326 56771 71525 65554 59738 59668 60591 72630 
65063 71636 52927 67638 64998 70104 86763 66482 67647 75722 59018 77800 67535 69714 70961 49431 78986 73194 61140 53013 63091 55099 48840 67841 72967 71053 63642 67403 59792 81131 
66377 79685 58254 63180 59570 75096 96139 65660 71400 80271 72097 78862 77476 82497 66789 47633 83402 78451 66448 61589 64795 57892 52261 69819 79776 77795 73118 65353 67669 79482 
75057 97357 69198 82073 87155 88154 103811 83416 83133 89680 76703 87494 74580 92824 74353 64156 92845 86640 74147 63297 77864 75751 58117 83419 78051 84727 77765 83712 88835 87310 
80569 102063 81937 87955 83461 87486 102495 87957 85850 96777 78521 92613 95226 92249 83702 72159 96664 85335 90869 83604 75698 74733 65685 89839 102526 86257 91846 81471 78756 103540 
71048 82954 56216 78200 58204 74831 84471 66444 66144 80098 57709 78175 57507 77311 59582 63585 75605 73487 61916 60225 63447 60417 58478 70838 76026 70712 64073 69650 67273 69599 
54586 87799 67755 65109 65916 85409 87617 71179 71442 71693 57663 78404 77374 76578 69629 53491 80817 73067 73942 61498 56069 59596 58232 70693 71350 65152 68549 58569 74737 82735 
71713 88097 62553 78128 71239 69122 79471 75077 66773 82375 59739 67642 59939 76815 66448 59426 76013 74746 67442 61847 67852 61262 53688 69302 76097 74984 62052 73142 66878 72569 
74118 84635 67515 67721 71415 73043 93298 75524 71664 87531 64274 80688 71787 78303 71215 56068 80976 76857 74963 64357 65276 61593 50816 78803 72859 71625 72090 72618 63325 85278 
73063 82493 62127 76029 66011 81664 92925 72482 74339 90541 74572 81571 78227 77584 75893 60057 81999 79911 75372 70174 66663 67613 56118 73207 87539 79060 78874 75950 62503 84440 
67951 92054 64269 79035 62019 85870 98422 65479 79016 77111 64524 91730 76519 83610 65642 64329 81270 79571 71841 68147 62507 61100 61221 75978 80816 78283 74203 72311 67554 90038 
62071 73643 52941 62981 59652 66775 70298 62631 63409 71056 64053 67769 64787 71108 56703 49495 78139 71787 53333 51622 57468 54390 42675 67159 62981 67725 57851 67523 56364 73847 
68883 83369 59707 69866 63285 74381 89229 73137 70729 77000 50417 81869 66888 75311 68050 55626 79791 73498 64579 66342 60410 57950 60810 77287 74040 75538 64854 68732 62833 87873 
66484 84787 55776 69467 64651 78095 91034 65649 63464 88297 61419 78295 65064 72591 78958 53241 80165 80586 68128 51152 60923 69275 52721 69231 75016 67157 72514 69328 62210 70222 
65736 90279 66235 81447 66434 87906 90911 69280 70618 75101 68463 84121 77587 84025 67532 63673 80626 79143 69754 65324 58602 64911 53432 78814 82652 80480 75616 78233 59830 81514 
