3670141 3192868 3207903 2266120 2937955 3317509 2580464 2938985 2595047 2030402 
2158019 1510957 2092046 986775 2062165 1969005 1627644 1656778 1747130 1334132 
3365575 2527733 2569688 2083279 2497437 3205446 2541885 2973159 2232880 1942602 
3538793 3229285 2978720 2173382 2282221 2680618 2071699 1955995 2181959 1653328 
2935147 2119069 2596097 1602440 2354304 2566738 2248475 2245375 2438998 1764032 
3826732 3349964 3001300 2942839 2710841 3405078 2807738 3275350 2801588 1793308 
4645705 3648714 3266940 2931367 2505975 3595385 2854970 3508415 2959432 2300760 
3083508 2735492 2104671 2229044 2387489 2203475 2300471 2188450 1728005 1448761 
2642528 1601123 2035585 1493930 1481477 2170898 1823882 2096540 2170337 1309475 
2915099 2383995 2601750 1870146 2420217 2795117 2368443 2490020 2407721 1753677 
