51556 53809 57818 54608 52915 65184 52885 62491 59740 52162 52551 44597 56023 46960 62266 56643 60914 55892 45438 59020 54962 62646 58931 62253 65489 69953 77053 61443 72744 52710 
74381 72427 73532 86588 70207 75779 66262 75791 74049 74531 65976 61923 85429 66628 71957 66482 78621 85544 63817 83254 79656 70349 73721 76711 72359 80470 89814 77592 93614 67563 
49387 56915 50499 53465 47645 57459 49715 63205 51891 49407 53488 50109 60257 60420 62857 54653 53108 64899 51265 63829 62518 61180 53322 65745 54323 57319 76915 57693 66534 52294 
72031 70318 66411 87439 70994 76549 59320 73014 63513 70860 67781 54800 76137 68480 82782 71502 76130 84676 59651 81735 74849 75977 64431 78347 67422 84840 83764 81578 82007 71304 
80079 72867 71770 88862 75655 86619 73651 80504 73857 77632 70802 65209 83394 78820 79464 64456 76806 95531 62388 83218 80515 78672 80773 85065 88396 86602 98836 85914 90237 77819 
64749 66005 63743 81304 70529 76683 60158 76968 65989 79849 70183 62111 76973 62337 70961 73408 72924 78250 65219 79411 68909 78659 66426 75436 69128 72361 87695 69160 83372 69699 
70676 67967 73053 75905 74121 81124 70637 83573 70531 69689 55638 59135 74643 64758 78777 54141 74031 81724 58668 76331 77464 78517 78952 79123 69032 86839 89990 84863 83397 69816 
67231 63240 58421 77521 69693 70411 61572 79227 69523 67856 71266 54424 83470 72084 78275 75394 65038 81276 51690 83242 76186 74956 75876 74616 79272 80046 94441 72505 83034 63494 
55079 58113 55008 60931 57157 64389 56269 63203 60754 59640 49634 48994 57747 53654 65911 43107 62630 62438 54541 63823 69784 69414 65055 63168 55516 64912 70980 63501 70642 54661 
66060 62589 59188 73463 62517 67274 59284 67423 60843 72476 58269 56141 68193 53805 70028 64155 76778 72645 57710 70794 68763 70914 60483 67873 60875 62092 86496 70548 78249 70477 
60954 75412 61113 70652 74843 72788 65066 69269 77568 61895 53127 54742 67652 61443 70562 57089 81491 81549 55784 66556 67657 64401 71483 68239 65065 76806 79879 73604 85605 60317 
58576 75928 70987 71312 68482 66877 71594 68335 68797 74995 51574 57687 69890 57584 60317 58577 69779 70799 52682 79682 75713 72443 67874 67776 71916 76855 89452 79994 76247 72949 
68900 65648 54723 82468 66189 67417 61278 69227 62679 65987 61766 47300 70268 57842 73106 54801 69589 73583 54935 67873 67128 66630 64752 71115 62649 71380 78340 71538 80959 62816 
69669 59811 61420 80060 67576 70219 66140 70341 65530 64663 57964 48841 79162 58009 75271 58777 72547 80175 52121 76644 72414 67445 73934 66616 70272 80065 86985 76459 81927 66124 
69268 72442 73057 76167 73399 74524 69171 84190 71182 73681 69462 63010 78834 71264 77965 72136 79977 81262 58068 80764 77446 70281 70345 74767 75843 74983 94338 84942 85272 74443 
59122 60470 60468 70224 69290 68019 67449 72762 63665 69257 52461 56089 71012 53430 70611 63763 60469 74597 44196 73004 66426 70548 72528 69353 67789 75085 87745 70146 76508 64678 
76177 79169 73806 84046 88197 85588 75345 88860 88493 77603 71147 66848 85450 76408 89282 75907 86384 91413 63099 87524 84166 84736 79615 89612 83615 92399 103829 87621 95935 71577 
74721 75035 69701 76776 74467 78119 72708 80389 75180 74521 65271 63224 74014 67589 84200 75680 74330 84045 47273 82428 78421 75050 69060 75856 73661 85054 98397 77038 92425 68133 
74651 71256 70150 84263 67422 68728 60746 78319 68192 76024 69265 57221 80079 71514 76221 66307 72003 78474 65032 75942 76323 81478 78914 83641 78499 86574 87946 82751 84803 74364 
90107 72364 82506 93995 83528 81715 78174 84916 80928 86842 73718 63706 89217 80083 89795 67843 81353 97420 65726 89289 86941 87013 85611 87343 83187 98725 99519 94390 87856 82138 
66055 73598 69988 80875 72202 70268 65630 67033 63194 75860 61976 65858 82626 66377 71376 68697 68023 78522 56254 86454 72656 75242 60561 78277 71386 80657 87800 75179 81164 71536 
75997 84789 82532 92508 84300 90555 77700 85621 84420 85270 72279 71506 88008 71559 88291 68554 89691 94008 71955 86123 78445 87647 81965 90022 92235 98549 102754 88355 101613 84562 
81964 84159 74425 97596 83477 79142 79549 83468 89833 87580 72800 64240 91960 74459 81822 74365 81687 91557 63679 91598 87280 90926 85635 85641 85676 94067 104393 85158 98439 76118 
61116 61273 67865 69474 65253 71705 58944 76881 68256 67058 53080 53727 72123 63888 63189 56922 66112 69773 53578 70090 63831 68069 68353 72215 59602 72565 77122 70041 72670 57171 
63567 66371 59137 81317 61310 64700 51961 67718 60657 66951 59439 52571 70410 68507 63800 59402 68748 73026 56796 70984 67526 65282 57093 69052 66648 68286 70608 71849 71914 64460 
71535 77696 82375 80770 70621 70298 68519 80353 67295 78404 66285 67634 78773 73261 74121 70231 66781 83689 53041 84506 78719 76409 68524 81304 74946 86313 90181 82983 84124 72043 
66901 66877 70395 74630 60880 74359 63571 61663 65749 60836 54241 52123 69904 54514 68497 53895 74544 77285 55933 71114 67036 61545 57153 67044 64758 76621 80723 74515 79860 66455 
72649 78806 75358 92999 80687 77875 71475 92144 79348 86451 66380 65089 88036 74719 89039 73679 82247 94241 69249 96343 95181 89669 78295 86455 70798 86499 99720 90329 85805 79725 
60884 66238 56609 79644 70481 66783 64438 65289 62283 68514 53040 53811 68468 54095 69274 55675 71628 80690 48817 68437 61946 73461 68096 65213 66770 72052 84702 66109 76833 68884 
61962 63076 69795 71296 65162 66997 55178 80667 61384 69840 64560 54898 74600 64311 66805 61619 54542 71900 52668 75851 70796 69458 68223 72162 77695 78163 78237 77792 69452 67209 
