2702659 3435669 2052382 2537269 2737017 3173696 2373922 3950986 3271181 2641353 
2102964 2601786 2005889 2228628 2063411 2541479 2496833 3533881 3453120 2231793 
2075934 2587776 1868656 1828439 1725035 2215664 1081141 2433354 2165064 1842847 
3120286 3711197 2765497 2851074 2990443 3363696 2659906 4077000 3688155 2562974 
1758923 1899133 1459970 1690988 1601351 1727149 1916320 2621878 2394608 1542136 
3593131 3796716 2553573 2973039 2923755 3182550 2096328 3958635 3697513 2840549 
3038743 3861899 2448158 2067934 2846352 2865466 2264917 3641668 3211000 1924372 
3558462 4382917 2469457 2542632 3295550 3533404 2363753 4361944 4254585 2612372 
4244746 4621349 3088476 3320032 3419070 3571933 3437539 5369349 5263408 3344330 
3143955 3185935 2096163 2681161 2554303 2615982 2184689 3796238 3536990 2646461 
