75988 58388 74892 47776 69780 74965 58637 61612 76637 78191 61160 66069 61709 70598 72620 63793 83263 53089 75944 67952 74497 73264 65101 86211 62793 66585 74169 68365 73572 82739 
89370 83073 92801 56721 88171 82125 75882 74443 97579 95429 74922 79437 78068 90182 83337 76974 86294 73153 88606 85697 94322 91534 81365 102078 74923 93105 82229 78271 86667 90934 
82211 72076 89155 42724 75206 76612 67594 75493 87623 82940 72012 76170 71055 71000 71094 68661 80906 74266 75710 81582 86797 91793 69634 98344 74297 86915 78089 77493 83381 78017 
93340 87438 88041 49088 82747 77509 73096 79380 92420 90538 67227 78473 79474 80196 83555 78591 87037 78479 90024 84321 99328 86861 75849 110441 87306 95354 80050 78378 91589 92084 
76211 63841 69501 38830 64160 65488 52267 60940 71367 71685 54312 57674 66450 63134 70687 60916 66108 58696 67636 74303 79703 60778 59028 85072 65650 72949 64934 65088 71670 75762 
78342 62286 93703 46938 73040 76175 67634 74605 89411 83599 72139 78627 67146 73260 74840 71777 88165 70748 74832 84035 78146 84444 77167 78351 66951 80555 83456 77034 75948 84789 
74293 62499 76894 50638 77574 73489 61929 65178 87996 78513 68311 66736 69539 65919 66250 64132 82864 63677 78790 80281 73746 76767 67741 82287 65114 74631 71961 64381 84591 77543 
97531 85711 94988 71120 87758 94428 82874 85975 101119 88132 79187 94104 83246 78266 86057 75002 100126 74082 102782 99253 102982 108301 90298 112079 89632 95062 90455 95449 97860 105121 
92688 84127 90869 61375 84080 79925 69859 75407 94925 89225 82163 83146 82272 77814 76988 78228 87243 75422 86489 96663 97503 102000 89687 100900 77586 94634 88150 84328 97707 92957 
81681 83818 83742 51495 82561 80811 65925 81032 90448 80848 73786 79061 80743 72952 69379 71693 90248 70617 91886 84804 91805 94070 78155 103773 81812 93676 85328 79626 91445 88855 
87266 67364 87522 49034 68331 79996 67601 74258 79559 84964 66380 78077 65914 72818 80405 69363 83991 77652 77331 85067 82592 79180 68436 89934 76265 80909 84988 79304 80567 91686 
61088 54633 76380 39962 61502 62942 62291 72275 65580 66125 58748 67982 65184 54104 62732 63967 71067 63408 69234 67304 73818 73142 50175 84321 67169 74983 60996 62884 64040 70912 
100918 77418 101099 66373 97658 86939 84328 85619 100102 94688 82884 89240 81672 89350 89604 81559 95153 80763 99664 99481 102204 101846 84824 113474 81474 94954 90983 86506 98236 100881 
83843 79980 85992 51218 74996 77373 68370 71951 88893 79846 65272 71825 70200 68887 71479 68682 87023 73877 93041 84951 85652 89036 76795 99028 76823 88905 83048 70077 84617 86911 
74958 69205 83179 50734 79468 74128 72764 67305 81167 71156 63212 78346 74295 68592 69288 65466 82491 65352 88242 86886 84418 79482 73356 94468 77658 83574 73233 68614 77923 78693 
83872 70941 88582 51598 84760 76243 68933 74114 93633 83639 73143 78577 80124 78554 81824 71998 87233 67435 89081 89757 92136 85059 85549 98066 80937 88416 82583 79883 90222 87653 
64854 63454 71431 57099 63442 73159 56897 67349 77414 61063 59622 63217 68719 52684 65769 57223 68274 62154 71507 76201 69717 77025 58064 78714 62212 74965 61828 68518 71859 67106 
90523 73770 78636 49556 75735 82803 74692 70051 96093 83698 61957 65773 76883 75896 73992 62058 80024 68532 88177 83708 94598 84830 73435 99973 74453 82297 82887 74468 87185 85405 
75414 76194 78472 54802 79517 72453 62381 69476 83571 71651 64587 67855 74452 72277 71681 73230 82924 57272 83927 76253 85664 76309 74378 89648 73085 85549 74503 74535 77644 86856 
87717 73474 94022 56700 81661 82293 70363 81805 93600 75346 70255 82021 77122 73030 92994 77994 92393 73296 85711 95058 87357 75612 76455 92361 79875 87873 80603 80835 81681 92223 
79804 76283 89483 50189 85289 78833 76075 86368 91644 73896 67990 76411 82432 69828 77660 69046 84607 76374 93066 84808 94422 86536 72624 107726 86359 93761 82700 81549 81687 84598 
86667 80205 78687 52703 77486 73667 61118 67395 82728 82980 72259 70661 73684 73322 67744 64019 78517 68938 82080 88199 93134 94938 82588 101740 75694 90283 82639 80373 93207 87326 
84994 64027 84560 41380 74397 77514 68924 68077 90139 82891 74022 78839 71753 77758 73239 58887 73770 62798 78453 82679 92803 87387 87947 94652 77267 76150 85241 88539 82369 84168 
90912 77087 99309 63711 84862 90308 78467 81250 96639 83402 82977 82852 77446 84086 80835 82275 93918 74306 93179 95550 99745 97507 81990 105749 75944 93126 79360 82121 88397 88230 
75538 72193 81489 53835 74081 75392 63726 73165 78932 83600 72876 75869 69392 67084 63742 69059 81864 69988 74984 91347 79978 91230 67381 90980 65666 91208 62610 74049 89021 75659 
103664 87293 98826 67948 99272 90575 84765 82519 108406 100911 79718 86785 86079 89940 91056 82264 95786 81241 96707 100286 101272 100470 91778 105161 83278 95685 92543 85725 101130 108739 
80679 57636 84422 51529 75156 75467 55393 74923 73988 77258 67444 76592 59267 69331 73525 66585 83432 63679 81671 82023 80963 74756 66995 89923 60308 80264 78469 78406 72569 84897 
85340 65943 76929 44629 70508 64446 58539 65723 81772 81232 63245 70588 70472 65817 75586 59664 73470 62358 73529 89435 80379 78030 71288 89257 68050 77808 73396 68046 86049 81866 
71719 56819 73906 39313 66831 67387 58025 63485 67479 71268 60965 69917 64160 62808 62412 59292 71767 68390 71763 80277 71609 71924 64066 80404 68398 76167 75559 66889 78882 71513 
72097 63547 82301 40248 71535 66735 64974 69336 77690 72280 60996 68878 67885 70305 69206 62810 71325 61829 76194 82517 80289 70357 65513 90474 69020 80925 60142 67145 71668 67408 
