38641 69445 66907 70383 56460 64076 68144 72627 73004 63535 80873 68036 77252 73692 66042 54263 71061 65487 53979 59549 71815 40998 67126 57559 66978 72508 54174 66619 62361 78372 
49715 89949 87212 83825 73742 73389 78192 80473 96099 75746 91764 91427 93326 93804 79167 68767 87785 75655 79989 67275 80810 57740 80931 74984 83588 90556 74316 85404 68207 87846 
43801 87818 65504 93207 68490 81211 74110 83175 86936 71989 86809 89373 85077 80241 85460 78014 75930 76537 72044 62873 82627 56631 84077 67733 74390 89434 69918 71809 67514 83117 
49078 100341 84899 88525 72433 78359 73096 92506 92746 74720 98959 101229 105586 93819 92601 80641 94543 86019 72420 79629 89911 68597 89422 87585 83590 91633 82429 84708 86614 103387 
42001 85145 77975 81807 69835 74947 77821 73688 88935 75031 87304 84135 85997 88855 74508 73622 81547 79437 66424 65224 75292 55643 75584 69292 77755 77941 71241 75720 69975 90958 
52030 90886 86787 77814 71674 69201 78523 74268 93716 76401 92928 96476 93206 80553 80669 75421 81655 82299 79774 70201 79587 57339 84456 72709 84467 81600 77187 88936 67046 93685 
47090 84941 71289 87392 61300 70930 71733 79781 89485 69758 84457 87578 88424 82248 77397 74905 79203 78158 67549 70556 83587 61262 77865 72616 75201 81935 75034 69379 67890 89087 
44184 84564 68759 80184 62125 74572 77900 74795 81879 72402 85703 76293 90379 77114 80039 65843 80249 74925 66552 67658 71879 56232 73892 60226 65579 88016 67624 76469 64108 86318 
55992 82859 68368 77283 59529 74300 69960 71984 83535 65197 87217 76152 75993 79803 77685 56964 78086 66496 66461 62379 71890 55405 79931 56813 67618 79754 68670 70275 62052 76548 
44969 86563 71668 79964 60740 74076 76622 72955 81698 80424 87448 90295 91769 92347 88096 76077 75280 76447 65650 71989 76233 60180 82073 69901 75045 76085 66547 65136 75251 89090 
49423 90435 81415 90026 63375 79594 75013 80582 94539 68759 99136 90349 84810 92602 79899 72900 87630 82470 72785 68859 75352 61122 78215 67013 75592 87653 73738 73478 68025 83550 
49229 86888 72294 83947 55936 80361 75555 71725 76563 72476 85320 69226 85054 72189 78820 63968 80542 72935 73788 65159 78511 54741 83007 68093 71372 85297 67570 67615 69023 84851 
51167 94075 88820 94355 73655 71601 75752 78412 98449 72490 96237 92993 87005 93280 83492 76075 82003 86238 79536 77675 82968 59450 76470 75425 79523 83650 74306 80669 71697 91382 
52085 89778 88578 93117 65980 72936 73306 82216 94868 71439 103039 95301 94661 86010 87781 76188 84075 88300 74960 77255 89292 62028 91964 69587 81921 92141 76909 79317 74802 93829 
41536 79640 71828 77111 57832 65456 71644 68548 81344 70605 79683 70532 81779 78489 79667 63195 68170 71792 68805 60397 69415 46532 70935 70271 71508 72569 55907 71468 68006 85824 
47040 95825 87356 91222 68265 76554 82133 91127 93895 80513 101976 99918 98538 105789 88308 82782 93224 75089 76597 77915 89804 56649 86861 74942 76567 86016 77247 80888 78028 91335 
33965 53484 55904 56989 43000 54780 56071 57933 58767 57566 66789 72412 78343 67971 65562 54674 65245 50943 56809 52936 53019 42549 59722 49482 63776 63359 49398 57552 53513 65781 
41408 61463 59013 65996 48368 67761 65800 71565 64198 63216 77310 78186 79187 71948 74089 59962 73335 57417 49340 60973 68145 49763 74604 58655 69069 75301 62289 65136 63772 74511 
53034 97248 87327 95833 67434 78431 85113 83966 93047 78655 97598 86022 101157 89979 95399 72075 81932 75461 81474 73302 90719 57928 92728 77919 76997 102248 73924 80377 73212 94491 
39759 72569 69746 79314 63462 59605 56189 79390 70931 60171 78594 81695 77858 77797 71105 70565 75979 66776 54045 64467 81770 50266 74455 67692 77016 70963 59301 64068 65958 81607 
40305 69790 61456 69439 50088 62849 55601 66231 72286 56033 77841 69206 70814 73944 68194 49782 69599 62019 50453 68764 61172 45983 58531 58411 58577 71562 56808 63741 66284 74499 
49528 88071 79484 89810 68261 80752 84843 84125 98728 74250 98697 95043 90807 91180 87177 70991 83405 80322 73884 69010 82710 61525 88553 64496 83897 90706 77379 72150 77429 93699 
55076 93851 91149 95111 71948 77383 85321 88976 96427 80220 108501 103255 97963 95275 96207 78872 91658 77225 82515 77687 93844 64650 95677 72096 87445 99161 82072 77985 79703 95777 
52598 88849 72098 79773 69143 79894 72559 83191 84994 75458 95478 82589 95525 87381 80872 64911 85081 70979 66334 70288 79604 57562 84131 70446 77586 87362 67804 69115 78337 89039 
34370 73203 58909 55377 50412 50734 57773 56813 57685 55757 66299 64061 62969 57553 62333 50819 62674 46807 57321 52486 58524 37469 59139 46272 48627 62129 49446 61136 48306 59982 
43206 82027 74651 80189 61503 61294 62515 67468 72634 63459 81683 80051 77520 66992 70378 62982 72154 62875 72158 70515 74520 45996 71219 62770 62673 86478 64642 73267 51931 71328 
36542 71863 70958 72928 57927 56570 66987 69128 71883 65188 77758 82306 81435 75873 73024 63538 63824 55078 60358 67849 77188 47788 73791 60517 65292 79914 63161 63075 64969 79810 
44356 93859 76900 77315 64533 64194 74605 65627 86629 74747 87768 79389 78585 75203 76398 64999 68941 71646 75854 60858 69091 44808 80057 62605 64198 85317 67698 78508 61556 72602 
48012 86490 77677 80676 63945 68983 74867 79103 86935 73468 90841 84575 84664 85641 78528 61413 85445 72317 62975 65320 72822 55621 84011 59410 71458 89442 73877 81148 69334 78715 
53179 95255 92973 98092 71024 75197 69550 79835 92316 73897 90021 93077 93249 94650 83473 74823 93159 74130 83443 77127 86717 64093 88295 80950 83155 90238 81683 81856 76622 90129 
