27623 36154 28482 22728 20898 18565 21954 28831 13420 23176 
12951 15779 16474 13483 8924 11740 14117 13195 8769 10136 
19490 28952 16932 16757 18631 15090 11420 20184 12137 18867 
25379 40646 23104 21819 33476 17646 20414 32085 25780 22859 
21194 28970 21285 16609 24727 13728 19763 21284 16369 17754 
28791 35566 30229 24821 26975 20265 20473 33362 13707 28378 
22922 26515 22149 21225 15677 17470 11303 23062 7690 21762 
19257 22233 16403 17151 17660 13630 13508 17675 16563 15553 
34283 43792 29410 28164 29402 23801 25255 37281 24415 27905 
24309 34173 20658 18293 26922 16530 21597 23753 21591 20290 
