89863 80293 69696 82106 77031 91825 84788 88391 81248 80017 90318 62065 96698 87564 103801 97696 91420 86435 80021 79784 84745 91542 85718 86180 72030 91860 83010 83013 89403 95341 
75880 79489 50969 76786 70952 70225 67057 82256 67840 61030 65784 69359 87148 72124 87529 81373 58520 58871 73782 72919 77137 85352 70161 74138 56357 82248 60794 64512 83625 76381 
90730 94176 82095 87017 85329 99751 83890 106757 87148 77847 96402 82794 110863 101992 104277 102294 89387 79930 80792 83579 100476 101926 101043 101955 70743 99146 80062 83784 106024 105239 
78188 71348 59137 75048 68166 86059 64324 80749 66358 59637 81919 67203 91483 77163 83704 84830 70429 72533 68209 81183 70815 81372 81111 82782 52351 84374 66599 60090 82224 77148 
101924 92397 69414 96981 84684 91777 91030 103538 79703 78638 94646 82958 111081 87660 106164 109041 90369 89173 93949 98886 91212 103135 82519 82972 72615 96000 81766 90194 102516 92713 
76770 74130 73446 69157 58260 73016 61662 85469 67017 66536 82631 65738 81889 75672 79949 85311 75844 68010 70546 70677 74891 78487 75203 76799 60339 72530 59248 54201 81524 75101 
83198 84297 77224 76168 71222 70305 68468 93317 77250 65058 81575 71252 95272 76344 86189 82385 72953 68824 70079 81044 85163 84599 87739 83214 62654 81573 63670 60423 85723 78511 
78107 80708 71269 76021 75141 79704 78380 85669 77160 72675 88794 71718 97730 83054 92486 91398 93981 86736 66805 80056 82648 87553 85164 87325 71497 89754 71318 85377 85022 92924 
79445 73557 67755 68842 57321 78607 72097 82554 72082 58252 81422 79797 87464 77425 74062 88030 75803 71481 68001 75382 74126 79545 63941 73772 58850 74874 62667 66373 73046 72536 
93973 80075 82040 82260 78533 85397 96194 105254 80072 62961 93975 83663 104590 82950 85321 98947 87294 77696 72621 89833 92468 95701 93307 88086 75488 84144 62120 78188 91122 90159 
73087 68937 57045 67728 67333 76152 71987 80719 70439 58521 75713 64669 80878 81118 83117 82108 73245 72292 69148 70899 75221 79039 73046 76318 59762 75210 67294 72953 77472 83230 
61341 69987 53491 67110 56900 68437 52755 68515 59385 59426 60093 55995 76738 60746 69292 67301 54617 58618 58795 57053 59982 66217 64947 68830 46201 67606 57468 50995 77760 67346 
78248 82046 70588 71934 69610 77037 74412 88330 80931 70098 73672 76588 96033 80150 82002 91292 76483 74013 66494 75998 75779 82758 70203 76924 60174 87390 57831 70190 78541 76765 
77655 73696 63368 66445 70232 72966 78965 77233 76500 63424 71419 60610 83365 63928 78083 72106 64975 69572 62888 74113 70708 79343 73616 76952 55186 75215 66204 67319 72783 80806 
89042 83867 73993 92079 75384 83339 81303 92935 74140 72387 87418 82036 100704 92075 100685 100771 85728 80614 81561 73533 89087 97791 83072 86929 69778 95874 72786 76450 95120 90366 
89304 78510 76830 83428 75080 91907 87236 88637 78606 72355 92886 83131 101164 74741 90651 98253 90784 87649 69207 90387 80566 87022 83476 89383 73159 86181 71402 77794 87390 87028 
65670 56878 59740 65742 63599 70642 67636 75157 53302 55069 75840 63192 80565 66562 74303 81251 73344 64972 57397 69591 67082 65183 76779 66852 65265 65906 56499 61263 70675 69471 
77175 65227 62366 66406 58651 73236 72079 72523 65844 56638 74698 64822 83249 66309 75111 80579 69544 69646 62997 69385 69442 76824 62434 69877 52098 73515 58658 64292 65448 74579 
92207 89559 85330 75502 79834 83825 87777 93785 85493 77245 92887 83205 101864 94177 93160 94467 89996 80508 72170 88173 91349 96448 89107 88352 71160 90591 76481 85529 93217 96479 
61012 59405 62399 54282 54640 59715 66782 68463 61075 58545 67798 56785 69782 60645 63852 71470 73807 58575 45133 56431 58096 58648 60124 58747 54090 63860 53506 58085 57745 71273 
72133 76337 74556 73268 68911 78500 76164 78573 67711 68290 78734 70271 91849 74664 79345 89347 82655 77969 71851 75424 82781 73303 68700 77622 73923 71644 65386 77623 89061 87977 
64896 67723 49842 61935 49590 68518 62570 72581 63893 48918 70481 65227 70687 69611 64158 74393 61688 67312 60458 58673 61293 75237 61745 64402 43270 69642 60920 56735 69863 62692 
82983 72287 72050 66726 67759 69061 82220 76323 66454 65745 83013 67938 84306 74950 77871 92704 82435 74539 68123 74232 77797 77012 65951 69089 66694 71752 60865 74602 73508 87104 
60797 72476 60948 62718 54990 70402 52978 65032 67900 52552 61191 61804 76502 69130 74995 69386 60469 54965 51307 57027 71913 65735 60542 70180 49482 70441 58552 61686 76555 66735 
77880 79551 71134 77913 73930 70351 82596 84401 72089 66793 73466 65223 90239 66360 87085 84548 81236 70849 68190 70495 80335 75809 63720 66352 66193 74446 65573 81791 87438 90420 
83698 76332 63142 64486 58972 72472 67853 77051 65055 61957 75553 63570 89185 67638 73667 80539 68781 64276 62701 73190 68844 80506 67773 72606 54739 74520 55404 60309 71554 73243 
77156 82327 69063 73556 75130 72653 65116 92763 73952 75923 78288 68721 92597 87227 93191 80629 78631 71124 71873 70939 84187 79459 85391 81635 65982 82939 70124 67998 85286 84137 
84461 85152 78169 79642 71896 78122 80011 90146 77718 77366 82152 74519 99770 81053 86570 86024 77633 73985 75567 72761 84024 91072 76996 87063 66273 90281 62514 65819 82639 86911 
78158 63205 59038 72263 62820 69626 73903 77433 60912 54126 71373 66232 82322 70753 82474 80053 71675 65949 67151 71000 73658 77374 70738 61434 61559 71231 65095 70080 74552 75132 
64307 64460 62142 66634 64527 68708 64659 69016 65532 55146 62991 63333 76692 66591 75067 65785 59605 56105 55045 66493 65917 61800 63034 66646 56410 68822 55487 59197 66640 70027 
