30315 26576 32795 20421 30933 26367 25709 30156 21536 21260 
24406 17828 16482 18983 21299 20352 16737 23776 19200 22438 
21616 17434 23460 17640 18049 18745 14059 23065 17301 19308 
27632 19038 22960 18868 23782 17524 21278 24700 14750 20728 
29734 20491 25483 26016 27660 16757 22718 31385 17735 24252 
27694 19016 22540 19111 23232 21513 16871 21758 18699 23250 
28765 25944 33531 22863 28769 25491 23482 30737 21438 24050 
33165 25918 26048 22129 23736 25786 21408 31746 22710 27353 
19536 16391 26655 20700 26575 13962 21301 25822 16120 17584 
23093 14867 16775 17124 21453 16647 15460 16810 12838 19475 
