32384 29889 26586 24292 25759 36668 20106 26867 33751 29780 
32386 31921 30351 18980 24850 34602 23094 19878 33459 27864 
25836 24219 21757 18530 17044 33396 13522 17308 28215 24389 
28484 29576 24140 17015 23300 27143 22896 18818 28373 23786 
27962 28328 28446 21181 21415 31726 14221 18731 35425 28655 
25978 25360 27425 23663 22504 29497 17112 20986 34340 28403 
23634 19416 18488 13929 15826 19554 16369 13014 23199 16477 
30126 32598 29422 22387 24634 37644 14549 20711 34528 31040 
20444 28414 29316 19314 24315 28730 20104 23068 32994 30435 
15878 19247 21176 18324 17811 19572 10282 13924 25119 21666 
