23863 18492 13945 19503 19074 7557 12692 17145 12633 22777 
33274 28147 19298 24501 30386 14193 19366 19518 19148 32228 
52019 36182 35464 36878 42880 23201 25640 22954 33815 47030 
34551 24572 27364 27925 31412 16229 15272 13884 26708 34542 
26698 22249 22068 24241 23660 12964 17293 13983 16772 22309 
31574 20071 23835 20620 21972 16040 16100 15889 21768 24350 
26740 17850 15404 19844 19391 14743 14087 17446 21202 19458 
26436 16774 20035 15931 18850 10565 12661 8540 16118 19596 
38791 31386 25337 31774 33892 17280 20717 20645 23649 37934 
46214 31913 33362 34749 37190 24590 29021 22367 26698 38238 
